Plane	Strip	MeanFit	Mean
==========================
0	0	-0.210938	-0.210938
0	1	-0.234375	-0.234375
0	2	-0.28125	-0.28125
0	3	-0.398437	-0.398438
0	4	-0.28125	-0.28125
0	5	-0.375	-0.375
0	6	-0.234375	-0.234375
0	7	-0.304687	-0.304688
0	8	-0.398437	-0.398438
0	9	-0.304688	-0.304688
0	10	-0.164062	-0.164062
0	11	-0.398437	-0.398438
0	12	-0.328125	-0.328125
0	13	-0.445313	-0.445312
0	14	-0.304687	-0.304688
0	15	-0.46875	-0.46875
0	16	-0.421875	-0.421875
0	17	-0.515625	-0.515625
0	18	-0.375	-0.375
0	19	-0.421875	-0.421875
0	20	-0.351563	-0.351562
0	21	-0.375	-0.375
0	22	-0.398438	-0.398438
0	23	-0.375	-0.375
0	24	-0.046875	-0.046875
0	25	-0.046875	-0.046875
0	26	-0.117188	-0.117188
0	27	-0.164063	-0.164062
0	28	-0.046875	-0.046875
0	29	-0.140625	-0.140625
0	30	-4.9042e-13	0
0	31	-0.0234375	-0.0234375
0	32	-0.046875	-0.046875
0	33	-4.97029e-13	0
0	34	0.140625	0.140625
0	35	-0.140625	-0.140625
0	36	-0.046875	-0.046875
0	37	-0.09375	-0.09375
0	38	-2.14687e-13	0
0	39	-0.1875	-0.1875
0	40	2.05452e-13	0
0	41	0.0234375	0.0234375
0	42	5.90529e-13	0
0	43	0.117188	0.117188
0	44	0.140625	0.140625
0	45	-0.0703125	-0.0703125
0	46	0.046875	0.046875
0	47	-0.0234375	-0.0234375
1	0	1.05005	0
1	1	0.953103	0
1	2	0	0
1	3	0	0
1	4	0	0
1	5	0	0
1	6	0	0
1	7	0	0
1	8	0	0
1	9	0	0
1	10	0	0
1	11	0	0
1	12	0	0
1	13	-6.53204	0
1	14	-9.7535	0
1	15	-5.15088	0
1	16	0	0
1	17	0	0
1	18	0	0
1	19	0	0
1	20	0	0
1	21	0	0
1	22	0	0
1	23	0	0
1	24	0	0
1	25	0	0
1	26	0	0
1	27	0.262533	0
1	28	5.72706	0
1	29	58.1235	0
1	30	8.46504	0
1	31	4.73047	0
1	32	-54.8646	0
1	33	-15.2909	0
1	34	-118.066	0
1	35	-71.1144	0
1	36	19.5748	0
1	37	-0.749769	0
1	38	182.212	0
1	39	-0.761331	0
1	40	7.08081	0
1	41	2.34995	0
1	42	81.9595	0
1	43	21.177	0
1	44	6.1047	0
1	45	0	0
1	46	4.00423	0
1	47	-0.342532	0
2	0	-1.92188	-1.92188
2	1	-1.89844	-1.89844
2	2	-1.875	-1.875
2	3	-2.08594	-2.08594
2	4	-1.94531	-1.94531
2	5	-1.94531	-1.94531
2	6	-1.92187	-1.92188
2	7	-1.96875	-1.96875
2	8	-1.875	-1.875
2	9	-1.96875	-1.96875
2	10	-1.89844	-1.89844
2	11	-1.96875	-1.96875
2	12	-1.875	-1.875
2	13	-1.96875	-1.96875
2	14	-1.92188	-1.92188
2	15	-2.03906	-2.03906
2	16	-1.82812	-1.82812
2	17	-1.89844	-1.89844
2	18	-1.80469	-1.80469
2	19	-1.85156	-1.85156
2	20	-1.71094	-1.71094
2	21	-1.89844	-1.89844
2	22	-1.85156	-1.85156
2	23	-1.82813	-1.82812
2	24	-2.20312	-2.20312
2	25	-2.20313	-2.20312
2	26	-2.20313	-2.20312
2	27	-2.32031	-2.32031
2	28	-2.27344	-2.27344
2	29	-2.29688	-2.29688
2	30	-2.15625	-2.15625
2	31	-2.22656	-2.22656
2	32	-2.22656	-2.22656
2	33	-2.22656	-2.22656
2	34	-2.17969	-2.17969
2	35	-2.32031	-2.32031
2	36	-2.27344	-2.27344
2	37	-2.32031	-2.32031
2	38	-2.17969	-2.17969
2	39	-2.36719	-2.36719
2	40	-2.25	-2.25
2	41	-2.36719	-2.36719
2	42	-2.22656	-2.22656
2	43	-2.22656	-2.22656
2	44	-2.13281	-2.13281
2	45	-2.25	-2.25
2	46	-2.20312	-2.20312
2	47	-2.25	-2.25
3	0	-6.58594	-6.58594
3	1	-6.63281	-6.63281
3	2	-6.58594	-6.58594
3	3	-6.67969	-6.67969
3	4	-6.63281	-6.63281
3	5	-6.72656	-6.72656
3	6	-6.60938	-6.60938
3	7	-6.65625	-6.65625
3	8	-6.53906	-6.53906
3	9	-6.65625	-6.65625
3	10	-6.51563	-6.51562
3	11	-6.60938	-6.60938
3	12	-6.63281	-6.63281
3	13	-6.63281	-6.63281
3	14	-6.49219	-6.49219
3	15	-6.70313	-6.70312
3	16	-6.55205	-6.55957
3	17	-6.60937	-6.60938
3	18	-6.58594	-6.58594
3	19	-7.95398	-6.7418
3	20	-6.53906	-6.53906
3	21	-6.58594	-6.58594
3	22	-6.53906	-6.53906
3	23	-6.49219	-6.49219
3	24	-6.53906	-6.53906
3	25	-6.5625	-6.5625
3	26	-6.53906	-6.53906
3	27	-6.5625	-6.5625
3	28	-6.51562	-6.51562
3	29	-6.63281	-6.63281
3	30	-6.53906	-6.53906
3	31	-6.53906	-6.53906
3	32	-6.53906	-6.53906
3	33	-7.26563	-7.26562
3	34	-6.53906	-6.53906
3	35	-6.67969	-6.67969
3	36	-6.58594	-6.58594
3	37	-6.58594	-6.58594
3	38	-6.53906	-6.53906
3	39	-6.58594	-6.58594
3	40	-6.53906	-6.53906
3	41	-6.51563	-6.51562
3	42	-6.51562	-6.51562
3	43	-6.51563	-6.51562
3	44	-6.375	-6.375
3	45	-6.60937	-6.60938
3	46	-6.5625	-6.5625
3	47	-6.5625	-6.5625
4	0	-6.65625	-6.65625
4	1	-6.67969	-6.67969
4	2	-6.72656	-6.72656
4	3	-6.79688	-6.79688
4	4	-6.72656	-6.72656
4	5	-6.77344	-6.77344
4	6	-6.63281	-6.63281
4	7	-6.75	-6.75
4	8	-6.63281	-6.63281
4	9	-6.65625	-6.65625
4	10	-6.58594	-6.58594
4	11	-6.77344	-6.77344
4	12	-6.67969	-6.67969
4	13	-6.82031	-6.82031
4	14	-6.79688	-6.79688
4	15	-6.79687	-6.79688
4	16	-6.79688	-6.79688
4	17	-6.86719	-6.86719
4	18	-6.67969	-6.67969
4	19	-6.77344	-6.77344
4	20	-6.67969	-6.67969
4	21	-6.75	-6.75
4	22	-6.77344	-6.77344
4	23	-6.75	-6.75
4	24	-6.49219	-6.49219
4	25	-6.53906	-6.53906
4	26	-6.60937	-6.60938
4	27	-6.58594	-6.58594
4	28	-6.5625	-6.5625
4	29	-6.70313	-6.70312
4	30	-6.46875	-6.46875
4	31	-6.53906	-6.53906
4	32	-6.63281	-6.63281
4	33	-6.5625	-6.5625
4	34	-6.46875	-6.46875
4	35	-6.75	-6.75
4	36	-6.65625	-6.65625
4	37	-6.75	-6.75
4	38	-6.60938	-6.60938
4	39	-6.75	-6.75
4	40	-6.5625	-6.5625
4	41	-6.65625	-6.65625
4	42	-6.5625	-6.5625
4	43	-6.60937	-6.60938
4	44	-6.51563	-6.51562
4	45	-6.65625	-6.65625
4	46	-6.60937	-6.60938
4	47	-6.53906	-6.53906
5	0	-0.164062	-0.164062
5	1	-0.1875	-0.1875
5	2	-0.140625	-0.140625
5	3	-0.09375	-0.09375
5	4	-0.164062	-0.164062
5	5	-0.09375	-0.09375
5	6	-0.304687	-0.304688
5	7	51.9851	0
5	8	-0.234375	-0.234375
5	9	-0.164063	-0.164062
5	10	-0.1875	-0.1875
5	11	-0.09375	-0.09375
5	12	-0.0703125	-0.0703125
5	13	0.0234375	0.0234375
5	14	-0.140625	-0.140625
5	15	-0.046875	-0.046875
5	16	-0.117188	-0.117188
5	17	-0.0234375	-0.0234375
5	18	-0.1875	-0.1875
5	19	-0.0703125	-0.0703125
5	20	-0.1875	-0.1875
5	21	-0.09375	-0.09375
5	22	-0.0703125	-0.0703125
5	23	-0.046875	-0.046875
5	24	0.28125	0.28125
5	25	0.164062	0.164062
5	26	0.210937	0.210938
5	27	0.304688	0.304688
5	28	0.117187	0.117188
5	29	0.210937	0.210938
5	30	0.0703125	0.0703125
5	31	0.164063	0.164062
5	32	0.0703125	0.0703125
5	33	0.234375	0.234375
5	34	0.164062	0.164062
5	35	0.164062	0.164062
5	36	0.164063	0.164062
5	37	0.257813	0.257812
5	38	0.164063	0.164062
5	39	0.164063	0.164062
5	40	0.164062	0.164062
5	41	0.304687	0.304688
5	42	0.164062	0.164062
5	43	0.257813	0.257812
5	44	0.117188	0.117188
5	45	0.257813	0.257812
5	46	0.328125	0.328125
5	47	0.28125	0.28125
6	0	0.0234375	0.0234375
6	1	8.58842e-13	0
6	2	0.0234375	0.0234375
6	3	0.1875	0.1875
6	4	0.046875	0.046875
6	5	0.09375	0.09375
6	6	0.140625	0.140625
6	7	0.892137	0.21875
6	8	0.09375	0.09375
6	9	0.09375	0.09375
6	10	1.40638e-13	0
6	11	0.140625	0.140625
6	12	0.046875	0.046875
6	13	0.046875	0.046875
6	14	-5.9182e-13	0
6	15	0.1875	0.1875
6	16	0.09375	0.09375
6	17	0.1875	0.1875
6	18	0.046875	0.046875
6	19	0.140625	0.140625
6	20	-2.64892e-13	0
6	21	0.046875	0.046875
6	22	0.09375	0.09375
6	23	-1.34845e-13	0
6	24	0.046875	0.046875
6	25	0.0234375	0.0234375
6	26	-4.25244e-13	0
6	27	0.1875	0.1875
6	28	0.0703125	0.0703125
6	29	0.0703125	0.0703125
6	30	-2.69887e-13	0
6	31	0.0703125	0.0703125
6	32	-7.65604e-14	0
6	33	0.046875	0.046875
6	34	-8.71241e-15	0
6	35	0.0703125	0.0703125
6	36	1.00993e-13	0
6	37	0.210937	0.210938
6	38	0.09375	0.09375
6	39	0.117187	0.117188
6	40	0.0703125	0.0703125
6	41	0.140625	0.140625
6	42	-6.23356e-13	0
6	43	0.046875	0.046875
6	44	-0.0234375	-0.0234375
6	45	0.0703125	0.0703125
6	46	0.117187	0.117188
6	47	0.09375	0.09375
7	0	-2.0625	-2.0625
7	1	-2.0625	-2.0625
7	2	-1.96875	-1.96875
7	3	-1.99219	-1.99219
7	4	-2.08594	-2.08594
7	5	-1.89844	-1.89844
7	6	-2.13281	-2.13281
7	7	-2.08594	-2.08594
7	8	-2.08594	-2.08594
7	9	-2.03906	-2.03906
7	10	-2.13281	-2.13281
7	11	-1.94531	-1.94531
7	12	-1.96875	-1.96875
7	13	-2.0625	-2.0625
7	14	-2.10938	-2.10938
7	15	-1.94531	-1.94531
7	16	-2.08594	-2.08594
7	17	-2.01563	-2.01562
7	18	-2.01563	-2.01562
7	19	-2.08594	-2.08594
7	20	-2.17969	-2.17969
7	21	-1.99219	-1.99219
7	22	-2.03906	-2.03906
7	23	-2.0625	-2.0625
7	24	-2.08594	-2.08594
7	25	-2.13281	-2.13281
7	26	-2.13281	-2.13281
7	27	-2.03906	-2.03906
7	28	-2.08594	-2.08594
7	29	-2.03906	-2.03906
7	30	-2.22656	-2.22656
7	31	-2.08594	-2.08594
7	32	-2.22656	-2.22656
7	33	-2.15625	-2.15625
7	34	-2.20313	-2.20312
7	35	-2.17969	-2.17969
7	36	-2.20313	-2.20312
7	37	-2.13281	-2.13281
7	38	-2.27344	-2.27344
7	39	-2.13281	-2.13281
7	40	-2.25	-2.25
7	41	-2.22656	-2.22656
7	42	-2.22656	-2.22656
7	43	-2.22656	-2.22656
7	44	-2.32031	-2.32031
7	45	-2.13281	-2.13281
7	46	-2.17969	-2.17969
7	47	-2.22656	-2.22656
8	0	-6.49219	-6.49219
8	1	-6.46875	-6.46875
8	2	-6.70312	-6.70312
8	3	-6.42187	-6.42188
8	4	-6.46875	-6.46875
8	5	-6.5625	-6.5625
8	6	-6.51562	-6.51562
8	7	-6.46875	-6.46875
8	8	-6.79687	-6.79688
8	9	-6.42187	-6.42188
8	10	-6.5625	-6.5625
8	11	-6.67969	-6.67969
8	12	-6.75	-6.75
8	13	-6.60937	-6.60938
8	14	-6.70312	-6.70312
8	15	-6.58594	-6.58594
8	16	-6.63281	-6.63281
8	17	-6.5625	-6.5625
8	18	-6.70313	-6.70312
8	19	-6.67969	-6.67969
8	20	-6.70312	-6.70312
8	21	-6.63281	-6.63281
8	22	-6.65625	-6.65625
8	23	-6.65625	-6.65625
8	24	-8.10462	-6.71484
8	25	-6.35156	-6.35156
8	26	-6.35156	-6.35156
8	27	-6.21094	-6.21094
8	28	-6.32813	-6.32812
8	29	-6.25781	-6.25781
8	30	-6.375	-6.375
8	31	-6.28125	-6.28125
8	32	-6.35156	-6.35156
8	33	-6.25781	-6.25781
8	34	-6.44531	-6.44531
8	35	-6.30469	-6.30469
8	36	-6.39844	-6.39844
8	37	-6.23438	-6.23438
8	38	-6.32813	-6.32812
8	39	-6.28125	-6.28125
8	40	-6.35156	-6.35156
8	41	-6.23437	-6.23438
8	42	-6.39844	-6.39844
8	43	-6.28125	-6.28125
8	44	-6.39844	-6.39844
8	45	-6.35156	-6.35156
8	46	-6.30469	-6.30469
8	47	-6.30469	-6.30469
9	0	-6.07031	-6.07031
9	1	-6.07031	-6.07031
9	2	-6.16406	-6.16406
9	3	-6	-6
9	4	-6.09375	-6.09375
9	5	-6.07031	-6.07031
9	6	-6.11719	-6.11719
9	7	-6.07031	-6.07031
9	8	-6.23438	-6.23438
9	9	-6.14062	-6.14062
9	10	-6.14062	-6.14062
9	11	0	0
9	12	-6.23438	-6.23438
9	13	-5.39063	-5.39062
9	14	-6.07031	-6.07031
9	15	-6.16406	-6.16406
9	16	-6.04688	-6.04688
9	17	-5.97656	-5.97656
9	18	-6.11719	-6.11719
9	19	-6.02344	-6.02344
9	20	-6.11719	-6.11719
9	21	-6.07031	-6.07031
9	22	-5.97656	-5.97656
9	23	-6.02344	-6.02344
9	24	-6.04688	-6.04688
9	25	-6.07031	-6.07031
9	26	-6.11719	-6.11719
9	27	-5.92969	-5.92969
9	28	-6.07031	-6.07031
9	29	-6	-6
9	30	-6.07031	-6.07031
9	31	-5.97656	-5.97656
9	32	-6.07031	-6.07031
9	33	-5.95313	-5.95312
9	34	-6.04687	-6.04688
9	35	-5.97656	-5.97656
9	36	-6.07031	-6.07031
9	37	-5.97656	-5.97656
9	38	-6.09375	-6.09375
9	39	-5.97656	-5.97656
9	40	-6.02344	-6.02344
9	41	-5.92969	-5.92969
9	42	-6.07031	-6.07031
9	43	-5.97656	-5.97656
9	44	-6.11719	-6.11719
9	45	-5.97656	-5.97656
9	46	-6	-6
9	47	-5.97656	-5.97656
10	0	0.046875	0.046875
10	1	-0.0234375	-0.0234375
10	2	0.0234375	0.0234375
10	3	0.0703125	0.0703125
10	4	0.0234375	0.0234375
10	5	0.0234375	0.0234375
10	6	-0.0703125	-0.0703125
10	7	0.046875	0.046875
10	8	-0.09375	-0.09375
10	9	0.0234375	0.0234375
10	10	0.046875	0.046875
10	11	0.0234375	0.0234375
10	12	-0.0234375	-0.0234375
10	13	0.09375	0.09375
10	14	0.09375	0.09375
10	15	0.046875	0.046875
10	16	-0.0703125	-0.0703125
10	17	-0.046875	-0.046875
10	18	-0.09375	-0.09375
10	19	0.0703125	0.0703125
10	20	-0.140625	-0.140625
10	21	-0.046875	-0.046875
10	22	0.140625	0.140625
10	23	-3.30768e-13	0
10	24	-0.0234375	-0.0234375
10	25	-0.09375	-0.09375
10	26	9.49979e-13	0
10	27	0.0703125	0.0703125
10	28	-0.0703125	-0.0703125
10	29	-0.0234375	-0.0234375
10	30	-0.670602	-0.0996094
10	31	0.0234375	0.0234375
10	32	0.046875	0.046875
10	33	0.09375	0.09375
10	34	0.09375	0.09375
10	35	0.0703125	0.0703125
10	36	0.140625	0.140625
10	37	-1.32323e-14	0
10	38	-2.58428e-13	0
10	39	0.140625	0.140625
10	40	-0.0234375	-0.0234375
10	41	0.0234375	0.0234375
10	42	0.09375	0.09375
10	43	0.0703125	0.0703125
10	44	-0.0703125	-0.0703125
10	45	0.09375	0.09375
10	46	0.117188	0.117188
10	47	-0.0234375	-0.0234375
11	0	-0.0234375	-0.0234375
11	1	-0.117187	-0.117188
11	2	-0.117187	-0.117188
11	3	0.164063	0.164062
11	4	0.0703125	0.0703125
11	5	0.0703125	0.0703125
11	6	0.0234375	0.0234375
11	7	0.140625	0.140625
11	8	0.0234375	0.0234375
11	9	2.89437e-13	0
11	10	-9.19677e-16	0
11	11	3.3265e-13	0
11	12	-0.0234375	-0.0234375
11	13	1.83832e-13	0
11	14	6.61779e-13	0
11	15	0.164063	0.164062
11	16	-9.87091e-14	0
11	17	0.164062	0.164062
11	18	-0.0234375	-0.0234375
11	19	0.09375	0.09375
11	20	-0.117188	-0.117188
11	21	-0.117187	-0.117188
11	22	6.47713e-13	0
11	23	-0.09375	-0.09375
11	24	0.164063	0.164062
11	25	0.09375	0.09375
11	26	0.234375	0.234375
11	27	0.1875	0.1875
11	28	0.046875	0.046875
11	29	0.210938	0.210938
11	30	3.59369e-13	0
11	31	0.140625	0.140625
11	32	0.0703125	0.0703125
11	33	0.046875	0.046875
11	34	0.09375	0.09375
11	35	0.234375	0.234375
11	36	0.328125	0.328125
11	37	0.234375	0.234375
11	38	0.234375	0.234375
11	39	0.28125	0.28125
11	40	0.046875	0.046875
11	41	0.1875	0.1875
11	42	-7.17001e-13	0
11	43	0.09375	0.09375
11	44	-3.64888e-13	0
11	45	0.1875	0.1875
11	46	0.257812	0.257812
11	47	0.140625	0.140625
12	0	-2.29687	-2.29688
12	1	-2.34375	-2.34375
12	2	-2.17969	-2.17969
12	3	-2.15625	-2.15625
12	4	-2.29687	-2.29688
12	5	-2.13281	-2.13281
12	6	-2.32031	-2.32031
12	7	-2.02182	0
12	8	-2.25	-2.25
12	9	-2.27344	-2.27344
12	10	-2.25	-2.25
12	11	-2.17969	-2.17969
12	12	-2.10938	-2.10938
12	13	-2.15625	-2.15625
12	14	-2.10937	-2.10938
12	15	-2.08594	-2.08594
12	16	-2.17969	-2.17969
12	17	-2.08594	-2.08594
12	18	-2.22656	-2.22656
12	19	-2.10937	-2.10938
12	20	-2.22656	-2.22656
12	21	-2.22656	-2.22656
12	22	-2.08594	-2.08594
12	23	-2.17969	-2.17969
12	24	-2.08594	-2.08594
12	25	-2.17969	-2.17969
12	26	-2.08594	-2.08594
12	27	-1.94531	-1.94531
12	28	-2.17969	-2.17969
12	29	-2.0625	-2.0625
12	30	-2.22656	-2.22656
12	31	-2.08594	-2.08594
12	32	-2.22656	-2.22656
12	33	-2.13281	-2.13281
12	34	-2.15625	-2.15625
12	35	-2.15625	-2.15625
12	36	-2.10938	-2.10938
12	37	-2.08594	-2.08594
12	38	-2.08594	-2.08594
12	39	-2.08594	-2.08594
12	40	-2.17969	-2.17969
12	41	-2.08594	-2.08594
12	42	-2.15625	-2.15625
12	43	-2.08594	-2.08594
12	44	-2.27344	-2.27344
12	45	-2.10937	-2.10938
12	46	-2.01563	-2.01562
12	47	-2.15625	-2.15625
13	0	-6.51562	-6.51562
13	1	-6.53906	-6.53906
13	2	-6.44531	-6.44531
13	3	-6.42188	-6.42188
13	4	-6.49219	-6.49219
13	5	-6.39844	-6.39844
13	6	-6.5625	-6.5625
13	7	-6.49219	-6.49219
13	8	-6.58594	-6.58594
13	9	-6.53906	-6.53906
13	10	-6.51562	-6.51562
13	11	-6.46875	-6.46875
13	12	-6.49219	-6.49219
13	13	-6.49219	-6.49219
13	14	-6.5625	-6.5625
13	15	-6.46875	-6.46875
13	16	-6.49219	-6.49219
13	17	-6.51562	-6.51562
13	18	-6.49219	-6.49219
13	19	-6.46875	-6.46875
13	20	-6.58594	-6.58594
13	21	-6.42187	-6.42188
13	22	-6.44531	-6.44531
13	23	-6.51562	-6.51562
13	24	-6.30469	-6.30469
13	25	-6.42188	-6.42188
13	26	-6.32813	-6.32812
13	27	-6.23437	-6.23438
13	28	-6.35156	-6.35156
13	29	-6.32812	-6.32812
13	30	-6.375	-6.375
13	31	-6.28125	-6.28125
13	32	-6.39844	-6.39844
13	33	-6.28125	-6.28125
13	34	-6.375	-6.375
13	35	-6.32812	-6.32812
13	36	-6.32812	-6.32812
13	37	-6.32813	-6.32812
13	38	-6.28125	-6.28125
13	39	-6.32813	-6.32812
13	40	-6.42188	-6.42188
13	41	-6.28125	-6.28125
13	42	-6.51563	-6.51562
13	43	-6.375	-6.375
13	44	-6.49219	-6.49219
13	45	-6.42188	-6.42188
13	46	-6.35156	-6.35156
13	47	-6.35156	-6.35156
14	0	0	0
14	1	0	0
14	2	0	0
14	3	0	0
14	4	0	0
14	5	0	0
14	6	0	0
14	7	0	0
14	8	0	0
14	9	0	0
14	10	0	0
14	11	0	0
14	12	0	0
14	13	0	0
14	14	0	0
14	15	0	0
14	16	0	0
14	17	0	0
14	18	0	0
14	19	0	0
14	20	0	0
14	21	0	0
14	22	0	0
14	23	0	0
14	24	-3.38667	-5.142
14	25	-6.60938	-6.60938
14	26	-6.49219	-6.49219
14	27	-6.44531	-6.44531
14	28	-6.5625	-6.5625
14	29	-6.46875	-6.46875
14	30	-6.5625	-6.5625
14	31	-6.49219	-6.49219
14	32	-6.58594	-6.58594
14	33	-6.5625	-6.5625
14	34	-6.53906	-6.53906
14	35	-6.49219	-6.49219
14	36	-6.58594	-6.58594
14	37	-6.44531	-6.44531
14	38	-6.42188	-6.42188
14	39	-6.51563	-6.51562
14	40	-6.46875	-6.46875
14	41	-6.42187	-6.42188
14	42	-6.60938	-6.60938
14	43	-6.49219	-6.49219
14	44	-6.53906	-6.53906
14	45	-6.5625	-6.5625
14	46	-6.44531	-6.44531
14	47	-6.49219	-6.49219
15	0	-0.09375	-0.09375
15	1	0.0234375	0.0234375
15	2	-0.164062	-0.164062
15	3	-0.28125	-0.28125
15	4	-0.140625	-0.140625
15	5	-0.328125	-0.328125
15	6	-0.09375	-0.09375
15	7	-0.1875	-0.1875
15	8	-0.140625	-0.140625
15	9	-0.046875	-0.046875
15	10	-0.046875	-0.046875
15	11	-0.117188	-0.117188
15	12	-0.210938	-0.210938
15	13	-0.164063	-0.164062
15	14	-0.164062	-0.164062
15	15	-0.28125	-0.28125
15	16	-0.164062	-0.164062
15	17	-0.234375	-0.234375
15	18	-0.164062	-0.164062
15	19	-0.1875	-0.1875
15	20	-0.046875	-0.046875
15	21	-0.140625	-0.140625
15	22	-0.210938	-0.210938
15	23	-0.0703125	-0.0703125
15	24	-0.117188	-0.117188
15	25	-7.04204e-13	0
15	26	-0.140625	-0.140625
15	27	-0.09375	-0.09375
15	28	-0.0234375	-0.0234375
15	29	-0.117187	-0.117188
15	30	-0.0234375	-0.0234375
15	31	-0.0703125	-0.0703125
15	32	-0.0234375	-0.0234375
15	33	-0.0703125	-0.0703125
15	34	-0.0234375	-0.0234375
15	35	-0.0703125	-0.0703125
15	36	-0.117188	-0.117188
15	37	-0.0703125	-0.0703125
15	38	-0.0234375	-0.0234375
15	39	-0.117187	-0.117188
15	40	0.046875	0.046875
15	41	-0.0234375	-0.0234375
15	42	0.0234375	0.0234375
15	43	0.0703125	0.0703125
15	44	0.164062	0.164062
15	45	-0.0703125	-0.0703125
15	46	-0.046875	-0.046875
15	47	0.046875	0.046875
16	0	0.09375	0.09375
16	1	0.234375	0.234375
16	2	0.328125	0.328125
16	3	0.09375	0.09375
16	4	0.1875	0.1875
16	5	0.375	0.375
16	6	0.257812	0.257812
16	7	0.234375	0.234375
16	8	0.539063	0.539062
16	9	0.210938	0.210938
16	10	0.234375	0.234375
16	11	0.515625	0.515625
16	12	0.445313	0.445312
16	13	0.304687	0.304688
16	14	0.234375	0.234375
16	15	0.421875	0.421875
16	16	0.351563	0.351562
16	17	0.28125	0.28125
16	18	0.398437	0.398438
16	19	0.164062	0.164062
16	20	0.351563	0.351562
16	21	0.304688	0.304688
16	22	0.117188	0.117188
16	23	0.210937	0.210938
16	24	0.351563	0.351562
16	25	0.445313	0.445312
16	26	0.304687	0.304688
16	27	0.257813	0.257812
16	28	0.351562	0.351562
16	29	0.257812	0.257812
16	30	0.351562	0.351562
16	31	0.328125	0.328125
16	32	0.351562	0.351562
16	33	0.398437	0.398438
16	34	0.398438	0.398438
16	35	0.328125	0.328125
16	36	0.351563	0.351562
16	37	0.304687	0.304688
16	38	0.351562	0.351562
16	39	0.210937	0.210938
16	40	0.304688	0.304688
16	41	0.304687	0.304688
16	42	0.445312	0.445312
16	43	0.304687	0.304688
16	44	0.445313	0.445312
16	45	0.445313	0.445312
16	46	0.304687	0.304688
16	47	0.421875	0.421875
17	0	0	0
17	1	0	0
17	2	0	0
17	3	0	0
17	4	0	0
17	5	0	0
17	6	0	0
17	7	0	0
17	8	0	0
17	9	0	0
17	10	0	0
17	11	0	0
17	12	0	0
17	13	0	0
17	14	0	0
17	15	0	0
17	16	0	0
17	17	0	0
17	18	0	0
17	19	0	0
17	20	0	0
17	21	0	0
17	22	0	0
17	23	0	0
17	24	-2.69531	-2.69531
17	25	-2.60156	-2.60156
17	26	-2.76562	-2.76562
17	27	-2.78906	-2.78906
17	28	-2.67187	-2.67188
17	29	-2.76563	-2.76562
17	30	-2.67187	-2.67188
17	31	-2.71875	-2.71875
17	32	-2.57812	-2.57812
17	33	9.25254	8.90658
17	34	-2.48438	-2.48438
17	35	-2.64844	-2.64844
17	36	-2.67188	-2.67188
17	37	-2.60156	-2.60156
17	38	-2.55469	-2.55469
17	39	-2.67188	-2.67188
17	40	-2.53125	-2.53125
17	41	-2.64844	-2.64844
17	42	-2.55469	-2.55469
17	43	-2.57813	-2.57812
17	44	-2.48438	-2.48438
17	45	-2.57812	-2.57812
17	46	-2.60156	-2.60156
17	47	-2.53125	-2.53125
18	0	-6.70313	-6.70312
18	1	-6.63281	-6.63281
18	2	-6.75	-6.75
18	3	-6.75	-6.75
18	4	-6.63281	-6.63281
18	5	-6.79688	-6.79688
18	6	-6.60938	-6.60938
18	7	-6.70312	-6.70312
18	8	-6.60938	-6.60938
18	9	-6.65625	-6.65625
18	10	-6.67969	-6.67969
18	11	-6.72656	-6.72656
18	12	-6.67969	-6.67969
18	13	-6.70313	-6.70312
18	14	-6.67969	-6.67969
18	15	-6.72656	-6.72656
18	16	-6.58594	-6.58594
18	17	-6.70312	-6.70312
18	18	-6.67969	-6.67969
18	19	-6.72656	-6.72656
18	20	-6.58594	-6.58594
18	21	-6.67969	-6.67969
18	22	-6.72656	-6.72656
18	23	-6.63281	-6.63281
18	24	-6.67969	-6.67969
18	25	-6.60937	-6.60938
18	26	-6.58594	-6.58594
18	27	-6.79688	-6.79688
18	28	-6.67969	-6.67969
18	29	-6.67969	-6.67969
18	30	-6.63281	-6.63281
18	31	-6.72656	-6.72656
18	32	-6.53906	-6.53906
18	33	-6.58594	-6.58594
18	34	-6.60938	-6.60938
18	35	-6.58594	-6.58594
18	36	-6.58594	-6.58594
18	37	-6.46875	-6.46875
18	38	-6.53906	-6.53906
18	39	-6.67969	-6.67969
18	40	-6.39844	-6.39844
18	41	-6.5625	-6.5625
18	42	-6.53906	-6.53906
18	43	-6.44531	-6.44531
18	44	-6.39844	-6.39844
18	45	-6.53906	-6.53906
18	46	-6.53906	-6.53906
18	47	-6.44531	-6.44531
19	0	-6.86877	-6.88235
19	1	-6.75	-6.75
19	2	-6.72656	-6.72656
19	3	-6.9375	-6.9375
19	4	-6.75	-6.75
19	5	-6.72656	-6.72656
19	6	-6.75	-6.75
19	7	-6.89063	-6.89062
19	8	-6.65625	-6.65625
19	9	-6.79687	-6.79688
19	10	-6.86719	-6.86719
19	11	-6.70312	-6.70312
19	12	-6.72656	-6.72656
19	13	-6.91406	-6.91406
19	14	-6.9375	-6.9375
19	15	-6.79687	-6.79688
19	16	-6.84375	-6.84375
19	17	-6.98437	-6.98438
19	18	-6.65625	-6.65625
19	19	-6.91406	-6.91406
19	20	-6.70313	-6.70312
19	21	-6.65625	-6.65625
19	22	-6.9375	-6.9375
19	23	-6.89062	-6.89062
19	24	-6.70313	-6.70312
19	25	-6.5625	-6.5625
19	26	-6.86719	-6.86719
19	27	-6.79688	-6.79688
19	28	-6.67969	-6.67969
19	29	-6.91406	-6.91406
19	30	-6.60937	-6.60938
19	31	-6.75	-6.75
19	32	-6.75	-6.75
19	33	-6.65625	-6.65625
19	34	-6.63281	-6.63281
19	35	-6.79688	-6.79688
19	36	-6.86719	-6.86719
19	37	-6.75	-6.75
19	38	-6.82031	-6.82031
19	39	-6.91406	-6.91406
19	40	-6.67969	-6.67969
19	41	-6.77344	-6.77344
19	42	-6.77344	-6.77344
19	43	-6.75	-6.75
19	44	-6.63281	-6.63281
19	45	-6.75	-6.75
19	46	-6.79687	-6.79688
19	47	-6.63281	-6.63281
