Plane	Strip	MeanFit	Mean
==========================
0	0	0.07	0.07
0	1	0.07	0.07
0	2	0.07	0.07
0	3	0.07	0.07
0	4	0.07	0.07
0	5	0.07	0.07
0	6	0.07	0.07
0	7	0.07	0.07
0	8	0.07	0.07
0	9	0.07	0.07
0	10	0.07	0.07
0	11	0.07	0.07
0	12	0.07	0.07
0	13	0.07	0.07
0	14	0.07	0.07
0	15	0.07	0.07
0	16	0.07	0.07
0	17	0.07	0.07
0	18	0.07	0.07
0	19	0.07	0.07
0	20	0.07	0.07
0	21	0.07	0.07
0	22	0.07	0.07
0	23	0.07	0.07
0	24	0.07	0.07
0	25	0.07	0.07
0	26	0.07	0.07
0	27	0.07	0.07
0	28	0.07	0.07
0	29	0.07	0.07
0	30	0.07	0.07
0	31	0.07	0.07
0	32	0.07	0.07
0	33	0.07	0.07
0	34	0.07	0.07
0	35	0.07	0.07
0	36	0.07	0.07
0	37	0.07	0.07
0	38	0.07	0.07
0	39	0.07	0.07
0	40	0.07	0.07
0	41	0.07	0.07
0	42	0.07	0.07
0	43	0.07	0.07
0	44	0.07	0.07
0	45	0.07	0.07
0	46	0.07	0.07
0	47	0.07	0.07
1	0	-0.01	-0.01
1	1	-0.01	-0.01
1	2	-0.01	-0.01
1	3	-0.01	-0.01
1	4	-0.01	-0.01
1	5	-0.01	-0.01
1	6	-0.01	-0.01
1	7	-0.01	-0.01
1	8	-0.01	-0.01
1	9	-0.01	-0.01
1	10	-0.01	-0.01
1	11	-0.01	-0.01
1	12	-0.01	-0.01
1	13	-0.01	-0.01
1	14	-0.01	-0.01
1	15	-0.01	-0.01
1	16	-0.01	-0.01
1	17	-0.01	-0.01
1	18	-0.01	-0.01
1	19	-0.01	-0.01
1	20	-0.01	-0.01
1	21	-0.01	-0.01
1	22	-0.01	-0.01
1	23	-0.01	-0.01
1	24	-0.01	-0.01
1	25	-0.01	-0.01
1	26	-0.01	-0.01
1	27	-0.01	-0.01
1	28	-0.01	-0.01
1	29	-0.01	-0.01
1	30	-0.01	-0.01
1	31	-0.01	-0.01
1	32	-0.01	-0.01
1	33	-0.01	-0.01
1	34	-0.01	-0.01
1	35	-0.01	-0.01
1	36	-0.01	-0.01
1	37	-0.01	-0.01
1	38	-0.01	-0.01
1	39	-0.01	-0.01
1	40	-0.01	-0.01
1	41	-0.01	-0.01
1	42	-0.01	-0.01
1	43	-0.01	-0.01
1	44	-0.01	-0.01
1	45	-0.01	-0.01
1	46	-0.01	-0.01
1	47	-0.01	-0.01
2	0	2.18	2.18
2	1	2.18	2.18
2	2	2.18	2.18
2	3	2.18	2.18
2	4	2.18	2.18
2	5	2.18	2.18
2	6	2.18	2.18
2	7	2.18	2.18
2	8	2.18	2.18
2	9	2.18	2.18
2	10	2.18	2.18
2	11	2.18	2.18
2	12	2.18	2.18
2	13	2.18	2.18
2	14	2.18	2.18
2	15	2.18	2.18
2	16	2.18	2.18
2	17	2.18	2.18
2	18	2.18	2.18
2	19	2.18	2.18
2	20	2.18	2.18
2	21	2.18	2.18
2	22	2.18	2.18
2	23	2.18	2.18
2	24	2.18	2.18
2	25	2.18	2.18
2	26	2.18	2.18
2	27	2.18	2.18
2	28	2.18	2.18
2	29	2.18	2.18
2	30	2.18	2.18
2	31	2.18	2.18
2	32	2.18	2.18
2	33	2.18	2.18
2	34	2.18	2.18
2	35	2.18	2.18
2	36	2.18	2.18
2	37	2.18	2.18
2	38	2.18	2.18
2	39	2.18	2.18
2	40	2.18	2.18
2	41	2.18	2.18
2	42	2.18	2.18
2	43	2.18	2.18
2	44	2.18	2.18
2	45	2.18	2.18
2	46	2.18	2.18
2	47	2.18	2.18
3	0	6.64	6.64
3	1	6.64	6.64
3	2	6.64	6.64
3	3	6.64	6.64
3	4	6.64	6.64
3	5	6.64	6.64
3	6	6.64	6.64
3	7	6.64	6.64
3	8	6.64	6.64
3	9	6.64	6.64
3	10	6.64	6.64
3	11	6.64	6.64
3	12	6.64	6.64
3	13	6.64	6.64
3	14	6.64	6.64
3	15	6.64	6.64
3	16	6.64	6.64
3	17	6.64	6.64
3	18	6.64	6.64
3	19	6.64	6.64
3	20	6.64	6.64
3	21	6.64	6.64
3	22	6.64	6.64
3	23	6.64	6.64
3	24	6.64	6.64
3	25	6.64	6.64
3	26	6.64	6.64
3	27	6.64	6.64
3	28	6.64	6.64
3	29	6.64	6.64
3	30	6.64	6.64
3	31	6.64	6.64
3	32	6.64	6.64
3	33	6.64	6.64
3	34	6.64	6.64
3	35	6.64	6.64
3	36	6.64	6.64
3	37	6.64	6.64
3	38	6.64	6.64
3	39	6.64	6.64
3	40	6.64	6.64
3	41	6.64	6.64
3	42	6.64	6.64
3	43	6.64	6.64
3	44	6.64	6.64
3	45	6.64	6.64
3	46	6.64	6.64
3	47	6.64	6.64
4	0	6.57	6.57
4	1	6.57	6.57
4	2	6.57	6.57
4	3	6.57	6.57
4	4	6.57	6.57
4	5	6.57	6.57
4	6	6.57	6.57
4	7	6.57	6.57
4	8	6.57	6.57
4	9	6.57	6.57
4	10	6.57	6.57
4	11	6.57	6.57
4	12	6.57	6.57
4	13	6.57	6.57
4	14	6.57	6.57
4	15	6.57	6.57
4	16	6.57	6.57
4	17	6.57	6.57
4	18	6.57	6.57
4	19	6.57	6.57
4	20	6.57	6.57
4	21	6.57	6.57
4	22	6.57	6.57
4	23	6.57	6.57
4	24	6.57	6.57
4	25	6.57	6.57
4	26	6.57	6.57
4	27	6.57	6.57
4	28	6.57	6.57
4	29	6.57	6.57
4	30	6.57	6.57
4	31	6.57	6.57
4	32	6.57	6.57
4	33	6.57	6.57
4	34	6.57	6.57
4	35	6.57	6.57
4	36	6.57	6.57
4	37	6.57	6.57
4	38	6.57	6.57
4	39	6.57	6.57
4	40	6.57	6.57
4	41	6.57	6.57
4	42	6.57	6.57
4	43	6.57	6.57
4	44	6.57	6.57
4	45	6.57	6.57
4	46	6.57	6.57
4	47	6.57	6.57
5	0	-0.05	-0.05
5	1	-0.05	-0.05
5	2	-0.05	-0.05
5	3	-0.05	-0.05
5	4	-0.05	-0.05
5	5	-0.05	-0.05
5	6	-0.05	-0.05
5	7	-0.05	-0.05
5	8	-0.05	-0.05
5	9	-0.05	-0.05
5	10	-0.05	-0.05
5	11	-0.05	-0.05
5	12	-0.05	-0.05
5	13	-0.05	-0.05
5	14	-0.05	-0.05
5	15	-0.05	-0.05
5	16	-0.05	-0.05
5	17	-0.05	-0.05
5	18	-0.05	-0.05
5	19	-0.05	-0.05
5	20	-0.05	-0.05
5	21	-0.05	-0.05
5	22	-0.05	-0.05
5	23	-0.05	-0.05
5	24	-0.05	-0.05
5	25	-0.05	-0.05
5	26	-0.05	-0.05
5	27	-0.05	-0.05
5	28	-0.05	-0.05
5	29	-0.05	-0.05
5	30	-0.05	-0.05
5	31	-0.05	-0.05
5	32	-0.05	-0.05
5	33	-0.05	-0.05
5	34	-0.05	-0.05
5	35	-0.05	-0.05
5	36	-0.05	-0.05
5	37	-0.05	-0.05
5	38	-0.05	-0.05
5	39	-0.05	-0.05
5	40	-0.05	-0.05
5	41	-0.05	-0.05
5	42	-0.05	-0.05
5	43	-0.05	-0.05
5	44	-0.05	-0.05
5	45	-0.05	-0.05
5	46	-0.05	-0.05
5	47	-0.05	-0.05
6	0	0.03	0.03
6	1	0.03	0.03
6	2	0.03	0.03
6	3	0.03	0.03
6	4	0.03	0.03
6	5	0.03	0.03
6	6	0.03	0.03
6	7	0.03	0.03
6	8	0.03	0.03
6	9	0.03	0.03
6	10	0.03	0.03
6	11	0.03	0.03
6	12	0.03	0.03
6	13	0.03	0.03
6	14	0.03	0.03
6	15	0.03	0.03
6	16	0.03	0.03
6	17	0.03	0.03
6	18	0.03	0.03
6	19	0.03	0.03
6	20	0.03	0.03
6	21	0.03	0.03
6	22	0.03	0.03
6	23	0.03	0.03
6	24	0.03	0.03
6	25	0.03	0.03
6	26	0.03	0.03
6	27	0.03	0.03
6	28	0.03	0.03
6	29	0.03	0.03
6	30	0.03	0.03
6	31	0.03	0.03
6	32	0.03	0.03
6	33	0.03	0.03
6	34	0.03	0.03
6	35	0.03	0.03
6	36	0.03	0.03
6	37	0.03	0.03
6	38	0.03	0.03
6	39	0.03	0.03
6	40	0.03	0.03
6	41	0.03	0.03
6	42	0.03	0.03
6	43	0.03	0.03
6	44	0.03	0.03
6	45	0.03	0.03
6	46	0.03	0.03
6	47	0.03	0.03
7	0	2.12	2.12
7	1	2.12	2.12
7	2	2.12	2.12
7	3	2.12	2.12
7	4	2.12	2.12
7	5	2.12	2.12
7	6	2.12	2.12
7	7	2.12	2.12
7	8	2.12	2.12
7	9	2.12	2.12
7	10	2.12	2.12
7	11	2.12	2.12
7	12	2.12	2.12
7	13	2.12	2.12
7	14	2.12	2.12
7	15	2.12	2.12
7	16	2.12	2.12
7	17	2.12	2.12
7	18	2.12	2.12
7	19	2.12	2.12
7	20	2.12	2.12
7	21	2.12	2.12
7	22	2.12	2.12
7	23	2.12	2.12
7	24	2.12	2.12
7	25	2.12	2.12
7	26	2.12	2.12
7	27	2.12	2.12
7	28	2.12	2.12
7	29	2.12	2.12
7	30	2.12	2.12
7	31	2.12	2.12
7	32	2.12	2.12
7	33	2.12	2.12
7	34	2.12	2.12
7	35	2.12	2.12
7	36	2.12	2.12
7	37	2.12	2.12
7	38	2.12	2.12
7	39	2.12	2.12
7	40	2.12	2.12
7	41	2.12	2.12
7	42	2.12	2.12
7	43	2.12	2.12
7	44	2.12	2.12
7	45	2.12	2.12
7	46	2.12	2.12
7	47	2.12	2.12
8	0	6.49	6.49
8	1	6.49	6.49
8	2	6.49	6.49
8	3	6.49	6.49
8	4	6.49	6.49
8	5	6.49	6.49
8	6	6.49	6.49
8	7	6.49	6.49
8	8	6.49	6.49
8	9	6.49	6.49
8	10	6.49	6.49
8	11	6.49	6.49
8	12	6.49	6.49
8	13	6.49	6.49
8	14	6.49	6.49
8	15	6.49	6.49
8	16	6.49	6.49
8	17	6.49	6.49
8	18	6.49	6.49
8	19	6.49	6.49
8	20	6.49	6.49
8	21	6.49	6.49
8	22	6.49	6.49
8	23	6.49	6.49
8	24	6.49	6.49
8	25	6.49	6.49
8	26	6.49	6.49
8	27	6.49	6.49
8	28	6.49	6.49
8	29	6.49	6.49
8	30	6.49	6.49
8	31	6.49	6.49
8	32	6.49	6.49
8	33	6.49	6.49
8	34	6.49	6.49
8	35	6.49	6.49
8	36	6.49	6.49
8	37	6.49	6.49
8	38	6.49	6.49
8	39	6.49	6.49
8	40	6.49	6.49
8	41	6.49	6.49
8	42	6.49	6.49
8	43	6.49	6.49
8	44	6.49	6.49
8	45	6.49	6.49
8	46	6.49	6.49
8	47	6.49	6.49
9	0	6.49	6.49
9	1	6.49	6.49
9	2	6.49	6.49
9	3	6.49	6.49
9	4	6.49	6.49
9	5	6.49	6.49
9	6	6.49	6.49
9	7	6.49	6.49
9	8	6.49	6.49
9	9	6.49	6.49
9	10	6.49	6.49
9	11	6.49	6.49
9	12	6.49	6.49
9	13	6.49	6.49
9	14	6.49	6.49
9	15	6.49	6.49
9	16	6.49	6.49
9	17	6.49	6.49
9	18	6.49	6.49
9	19	6.49	6.49
9	20	6.49	6.49
9	21	6.49	6.49
9	22	6.49	6.49
9	23	6.49	6.49
9	24	6.49	6.49
9	25	6.49	6.49
9	26	6.49	6.49
9	27	6.49	6.49
9	28	6.49	6.49
9	29	6.49	6.49
9	30	6.49	6.49
9	31	6.49	6.49
9	32	6.49	6.49
9	33	6.49	6.49
9	34	6.49	6.49
9	35	6.49	6.49
9	36	6.49	6.49
9	37	6.49	6.49
9	38	6.49	6.49
9	39	6.49	6.49
9	40	6.49	6.49
9	41	6.49	6.49
9	42	6.49	6.49
9	43	6.49	6.49
9	44	6.49	6.49
9	45	6.49	6.49
9	46	6.49	6.49
9	47	6.49	6.49
10	0	0.093	0.093
10	1	0.093	0.093
10	2	0.093	0.093
10	3	0.093	0.093
10	4	0.093	0.093
10	5	0.093	0.093
10	6	0.093	0.093
10	7	0.093	0.093
10	8	0.093	0.093
10	9	0.093	0.093
10	10	0.093	0.093
10	11	0.093	0.093
10	12	0.093	0.093
10	13	0.093	0.093
10	14	0.093	0.093
10	15	0.093	0.093
10	16	0.093	0.093
10	17	0.093	0.093
10	18	0.093	0.093
10	19	0.093	0.093
10	20	0.093	0.093
10	21	0.093	0.093
10	22	0.093	0.093
10	23	0.093	0.093
10	24	0.093	0.093
10	25	0.093	0.093
10	26	0.093	0.093
10	27	0.093	0.093
10	28	0.093	0.093
10	29	0.093	0.093
10	30	0.093	0.093
10	31	0.093	0.093
10	32	0.093	0.093
10	33	0.093	0.093
10	34	0.093	0.093
10	35	0.093	0.093
10	36	0.093	0.093
10	37	0.093	0.093
10	38	0.093	0.093
10	39	0.093	0.093
10	40	0.093	0.093
10	41	0.093	0.093
10	42	0.093	0.093
10	43	0.093	0.093
10	44	0.093	0.093
10	45	0.093	0.093
10	46	0.093	0.093
10	47	0.093	0.093
11	0	0.055	0.055
11	1	0.055	0.055
11	2	0.055	0.055
11	3	0.055	0.055
11	4	0.055	0.055
11	5	0.055	0.055
11	6	0.055	0.055
11	7	0.055	0.055
11	8	0.055	0.055
11	9	0.055	0.055
11	10	0.055	0.055
11	11	0.055	0.055
11	12	0.055	0.055
11	13	0.055	0.055
11	14	0.055	0.055
11	15	0.055	0.055
11	16	0.055	0.055
11	17	0.055	0.055
11	18	0.055	0.055
11	19	0.055	0.055
11	20	0.055	0.055
11	21	0.055	0.055
11	22	0.055	0.055
11	23	0.055	0.055
11	24	0.055	0.055
11	25	0.055	0.055
11	26	0.055	0.055
11	27	0.055	0.055
11	28	0.055	0.055
11	29	0.055	0.055
11	30	0.055	0.055
11	31	0.055	0.055
11	32	0.055	0.055
11	33	0.055	0.055
11	34	0.055	0.055
11	35	0.055	0.055
11	36	0.055	0.055
11	37	0.055	0.055
11	38	0.055	0.055
11	39	0.055	0.055
11	40	0.055	0.055
11	41	0.055	0.055
11	42	0.055	0.055
11	43	0.055	0.055
11	44	0.055	0.055
11	45	0.055	0.055
11	46	0.055	0.055
11	47	0.055	0.055
12	0	2.21	2.21
12	1	2.21	2.21
12	2	2.21	2.21
12	3	2.21	2.21
12	4	2.21	2.21
12	5	2.21	2.21
12	6	2.21	2.21
12	7	2.21	2.21
12	8	2.21	2.21
12	9	2.21	2.21
12	10	2.21	2.21
12	11	2.21	2.21
12	12	2.21	2.21
12	13	2.21	2.21
12	14	2.21	2.21
12	15	2.21	2.21
12	16	2.21	2.21
12	17	2.21	2.21
12	18	2.21	2.21
12	19	2.21	2.21
12	20	2.21	2.21
12	21	2.21	2.21
12	22	2.21	2.21
12	23	2.21	2.21
12	24	2.21	2.21
12	25	2.21	2.21
12	26	2.21	2.21
12	27	2.21	2.21
12	28	2.21	2.21
12	29	2.21	2.21
12	30	2.21	2.21
12	31	2.21	2.21
12	32	2.21	2.21
12	33	2.21	2.21
12	34	2.21	2.21
12	35	2.21	2.21
12	36	2.21	2.21
12	37	2.21	2.21
12	38	2.21	2.21
12	39	2.21	2.21
12	40	2.21	2.21
12	41	2.21	2.21
12	42	2.21	2.21
12	43	2.21	2.21
12	44	2.21	2.21
12	45	2.21	2.21
12	46	2.21	2.21
12	47	2.21	2.21
13	0	6.59	6.59
13	1	6.59	6.59
13	2	6.59	6.59
13	3	6.59	6.59
13	4	6.59	6.59
13	5	6.59	6.59
13	6	6.59	6.59
13	7	6.59	6.59
13	8	6.59	6.59
13	9	6.59	6.59
13	10	6.59	6.59
13	11	6.59	6.59
13	12	6.59	6.59
13	13	6.59	6.59
13	14	6.59	6.59
13	15	6.59	6.59
13	16	6.59	6.59
13	17	6.59	6.59
13	18	6.59	6.59
13	19	6.59	6.59
13	20	6.59	6.59
13	21	6.59	6.59
13	22	6.59	6.59
13	23	6.59	6.59
13	24	6.59	6.59
13	25	6.59	6.59
13	26	6.59	6.59
13	27	6.59	6.59
13	28	6.59	6.59
13	29	6.59	6.59
13	30	6.59	6.59
13	31	6.59	6.59
13	32	6.59	6.59
13	33	6.59	6.59
13	34	6.59	6.59
13	35	6.59	6.59
13	36	6.59	6.59
13	37	6.59	6.59
13	38	6.59	6.59
13	39	6.59	6.59
13	40	6.59	6.59
13	41	6.59	6.59
13	42	6.59	6.59
13	43	6.59	6.59
13	44	6.59	6.59
13	45	6.59	6.59
13	46	6.59	6.59
13	47	6.59	6.59
14	0	6.51	6.51
14	1	6.51	6.51
14	2	6.51	6.51
14	3	6.51	6.51
14	4	6.51	6.51
14	5	6.51	6.51
14	6	6.51	6.51
14	7	6.51	6.51
14	8	6.51	6.51
14	9	6.51	6.51
14	10	6.51	6.51
14	11	6.51	6.51
14	12	6.51	6.51
14	13	6.51	6.51
14	14	6.51	6.51
14	15	6.51	6.51
14	16	6.51	6.51
14	17	6.51	6.51
14	18	6.51	6.51
14	19	6.51	6.51
14	20	6.51	6.51
14	21	6.51	6.51
14	22	6.51	6.51
14	23	6.51	6.51
14	24	6.51	6.51
14	25	6.51	6.51
14	26	6.51	6.51
14	27	6.51	6.51
14	28	6.51	6.51
14	29	6.51	6.51
14	30	6.51	6.51
14	31	6.51	6.51
14	32	6.51	6.51
14	33	6.51	6.51
14	34	6.51	6.51
14	35	6.51	6.51
14	36	6.51	6.51
14	37	6.51	6.51
14	38	6.51	6.51
14	39	6.51	6.51
14	40	6.51	6.51
14	41	6.51	6.51
14	42	6.51	6.51
14	43	6.51	6.51
14	44	6.51	6.51
14	45	6.51	6.51
14	46	6.51	6.51
14	47	6.51	6.51
15	0	0	0
15	1	0	0
15	2	0	0
15	3	0	0
15	4	0	0
15	5	0	0
15	6	0	0
15	7	0	0
15	8	0	0
15	9	0	0
15	10	0	0
15	11	0	0
15	12	0	0
15	13	0	0
15	14	0	0
15	15	0	0
15	16	0	0
15	17	0	0
15	18	0	0
15	19	0	0
15	20	0	0
15	21	0	0
15	22	0	0
15	23	0	0
15	24	0	0
15	25	0	0
15	26	0	0
15	27	0	0
15	28	0	0
15	29	0	0
15	30	0	0
15	31	0	0
15	32	0	0
15	33	0	0
15	34	0	0
15	35	0	0
15	36	0	0
15	37	0	0
15	38	0	0
15	39	0	0
15	40	0	0
15	41	0	0
15	42	0	0
15	43	0	0
15	44	0	0
15	45	0	0
15	46	0	0
15	47	0	0
16	0	-0.03	-0.03
16	1	-0.03	-0.03
16	2	-0.03	-0.03
16	3	-0.03	-0.03
16	4	-0.03	-0.03
16	5	-0.03	-0.03
16	6	-0.03	-0.03
16	7	-0.03	-0.03
16	8	-0.03	-0.03
16	9	-0.03	-0.03
16	10	-0.03	-0.03
16	11	-0.03	-0.03
16	12	-0.03	-0.03
16	13	-0.03	-0.03
16	14	-0.03	-0.03
16	15	-0.03	-0.03
16	16	-0.03	-0.03
16	17	-0.03	-0.03
16	18	-0.03	-0.03
16	19	-0.03	-0.03
16	20	-0.03	-0.03
16	21	-0.03	-0.03
16	22	-0.03	-0.03
16	23	-0.03	-0.03
16	24	-0.03	-0.03
16	25	-0.03	-0.03
16	26	-0.03	-0.03
16	27	-0.03	-0.03
16	28	-0.03	-0.03
16	29	-0.03	-0.03
16	30	-0.03	-0.03
16	31	-0.03	-0.03
16	32	-0.03	-0.03
16	33	-0.03	-0.03
16	34	-0.03	-0.03
16	35	-0.03	-0.03
16	36	-0.03	-0.03
16	37	-0.03	-0.03
16	38	-0.03	-0.03
16	39	-0.03	-0.03
16	40	-0.03	-0.03
16	41	-0.03	-0.03
16	42	-0.03	-0.03
16	43	-0.03	-0.03
16	44	-0.03	-0.03
16	45	-0.03	-0.03
16	46	-0.03	-0.03
16	47	-0.03	-0.03
17	0	2.07	2.07
17	1	2.07	2.07
17	2	2.07	2.07
17	3	2.07	2.07
17	4	2.07	2.07
17	5	2.07	2.07
17	6	2.07	2.07
17	7	2.07	2.07
17	8	2.07	2.07
17	9	2.07	2.07
17	10	2.07	2.07
17	11	2.07	2.07
17	12	2.07	2.07
17	13	2.07	2.07
17	14	2.07	2.07
17	15	2.07	2.07
17	16	2.07	2.07
17	17	2.07	2.07
17	18	2.07	2.07
17	19	2.07	2.07
17	20	2.07	2.07
17	21	2.07	2.07
17	22	2.07	2.07
17	23	2.07	2.07
17	24	2.07	2.07
17	25	2.07	2.07
17	26	2.07	2.07
17	27	2.07	2.07
17	28	2.07	2.07
17	29	2.07	2.07
17	30	2.07	2.07
17	31	2.07	2.07
17	32	2.07	2.07
17	33	2.07	2.07
17	34	2.07	2.07
17	35	2.07	2.07
17	36	2.07	2.07
17	37	2.07	2.07
17	38	2.07	2.07
17	39	2.07	2.07
17	40	2.07	2.07
17	41	2.07	2.07
17	42	2.07	2.07
17	43	2.07	2.07
17	44	2.07	2.07
17	45	2.07	2.07
17	46	2.07	2.07
17	47	2.07	2.07
18	0	6.47	6.47
18	1	6.47	6.47
18	2	6.47	6.47
18	3	6.47	6.47
18	4	6.47	6.47
18	5	6.47	6.47
18	6	6.47	6.47
18	7	6.47	6.47
18	8	6.47	6.47
18	9	6.47	6.47
18	10	6.47	6.47
18	11	6.47	6.47
18	12	6.47	6.47
18	13	6.47	6.47
18	14	6.47	6.47
18	15	6.47	6.47
18	16	6.47	6.47
18	17	6.47	6.47
18	18	6.47	6.47
18	19	6.47	6.47
18	20	6.47	6.47
18	21	6.47	6.47
18	22	6.47	6.47
18	23	6.47	6.47
18	24	6.47	6.47
18	25	6.47	6.47
18	26	6.47	6.47
18	27	6.47	6.47
18	28	6.47	6.47
18	29	6.47	6.47
18	30	6.47	6.47
18	31	6.47	6.47
18	32	6.47	6.47
18	33	6.47	6.47
18	34	6.47	6.47
18	35	6.47	6.47
18	36	6.47	6.47
18	37	6.47	6.47
18	38	6.47	6.47
18	39	6.47	6.47
18	40	6.47	6.47
18	41	6.47	6.47
18	42	6.47	6.47
18	43	6.47	6.47
18	44	6.47	6.47
18	45	6.47	6.47
18	46	6.47	6.47
18	47	6.47	6.47
19	0	6.52	6.52
19	1	6.52	6.52
19	2	6.52	6.52
19	3	6.52	6.52
19	4	6.52	6.52
19	5	6.52	6.52
19	6	6.52	6.52
19	7	6.52	6.52
19	8	6.52	6.52
19	9	6.52	6.52
19	10	6.52	6.52
19	11	6.52	6.52
19	12	6.52	6.52
19	13	6.52	6.52
19	14	6.52	6.52
19	15	6.52	6.52
19	16	6.52	6.52
19	17	6.52	6.52
19	18	6.52	6.52
19	19	6.52	6.52
19	20	6.52	6.52
19	21	6.52	6.52
19	22	6.52	6.52
19	23	6.52	6.52
19	24	6.52	6.52
19	25	6.52	6.52
19	26	6.52	6.52
19	27	6.52	6.52
19	28	6.52	6.52
19	29	6.52	6.52
19	30	6.52	6.52
19	31	6.52	6.52
19	32	6.52	6.52
19	33	6.52	6.52
19	34	6.52	6.52
19	35	6.52	6.52
19	36	6.52	6.52
19	37	6.52	6.52
19	38	6.52	6.52
19	39	6.52	6.52
19	40	6.52	6.52
19	41	6.52	6.52
19	42	6.52	6.52
19	43	6.52	6.52
19	44	6.52	6.52
19	45	6.52	6.52
19	46	6.52	6.52
19	47	6.52	6.52
