Plane	Strip	MeanFit	Mean
==========================
0	0	1.52095e-06	0
0	1	0.0474033	0.046875
0	2	0.0474033	0.046875
0	3	-0.0702435	-0.0703125
0	4	-0.0233685	-0.0234375
0	5	0.000528419	0
0	6	0.0474033	0.046875
0	7	0.00052833	0
0	8	0.0942783	0.09375
0	9	-0.0463467	-0.046875
0	10	-0.296875	0.0547183
0	11	0.000528411	0
0	12	0.0474033	0.046875
0	13	-0.0932217	-0.09375
0	14	0.00052833	0
0	15	0.00052833	0
0	16	0.00052833	0
0	17	0.00052833	0
0	18	0.0942783	0.09375
0	19	0.0942783	0.09375
0	20	0.188028	0.1875
0	21	0.0474033	0.046875
0	22	0.0474033	0.046875
0	23	-0.0702435	-0.0703125
0	24	0.0942784	0.09375
0	25	0.234903	0.234375
0	26	0.141153	0.140625
0	27	0.0703815	0.0703125
0	28	0.257882	0.257812
0	29	0.188028	0.1875
0	30	0.328653	0.328125
0	31	0.211007	0.210938
0	32	0.351632	0.351562
0	33	0.141153	0.140625
0	34	0.281778	0.28125
0	35	0.234903	0.234375
0	36	0.304757	0.304688
0	37	0.164132	0.164062
0	38	0.304757	0.304688
0	39	0.281778	0.28125
0	40	0.234903	0.234375
0	41	0.234903	0.234375
0	42	0.234903	0.234375
0	43	0.211007	0.210938
0	44	0.351632	0.351562
0	45	0.164132	0.164062
0	46	0.164132	0.164062
0	47	0.188028	0.1875
1	0	0.141153	0.140625
1	1	0.141153	0.140625
1	2	0.141153	0.140625
1	3	0.0474033	0.046875
1	4	0.0942783	0.09375
1	5	0.0474033	0.046875
1	6	0.117788	0.117188
1	7	0.0942783	0.09375
1	8	0.0240379	0.0234375
1	9	0.0240379	0.0234375
1	10	0.188028	0.1875
1	11	-0.0228371	-0.0234375
1	12	0.117788	0.117188
1	13	0.00052833	0
1	14	0.0709129	0.0703125
1	15	-0.0463467	-0.046875
1	16	0.00052833	0
1	17	-0.140097	-0.140625
1	18	0.0942783	0.09375
1	19	-0.0463467	-0.046875
1	20	0.0474033	0.046875
1	21	0.0474033	0.046875
1	22	0.0474033	0.046875
1	23	0.0474033	0.046875
1	24	0.0942783	0.09375
1	25	0.141153	0.140625
1	26	0.0942783	0.09375
1	27	-0.0463467	-0.046875
1	28	0.0942783	0.09375
1	29	0.0474033	0.046875
1	30	0.141153	0.140625
1	31	0.0709129	0.0703125
1	32	0.188028	0.1875
1	33	0.0942783	0.09375
1	34	0.141153	0.140625
1	35	0.00052833	0
1	36	0.0942783	0.09375
1	37	0.00052833	0
1	38	0.0942783	0.09375
1	39	0.00052833	0
1	40	0.0942783	0.09375
1	41	0.0235065	0.0234375
1	42	0.0942783	0.09375
1	43	0.0942783	0.09375
1	44	0.211007	0.210938
1	45	0.0942783	0.09375
1	46	0.0703815	0.0703125
1	47	0.0942784	0.09375
2	0	2.25053	2.25
2	1	2.2974	2.29688
2	2	2.34428	2.34375
2	3	2.20365	2.20312
2	4	2.27404	2.27344
2	5	2.2974	2.29688
2	6	2.43803	2.4375
2	7	2.2974	2.29688
2	8	2.4849	2.48438
2	9	2.22716	2.22656
2	10	2.39115	2.39062
2	11	2.2974	2.29688
2	12	2.2974	2.29688
2	13	2.25053	2.25
2	14	2.36726	2.36719
2	15	2.2974	2.29688
2	16	2.39115	2.39062
2	17	2.27351	2.27344
2	18	2.2974	2.29688
2	19	2.2974	2.29688
2	20	2.39115	2.39062
2	21	2.25053	2.25
2	22	2.2974	2.29688
2	23	2.2974	2.29688
2	24	2.01615	2.01562
2	25	2.06303	2.0625
2	26	2.01615	2.01562
2	27	1.96928	1.96875
2	28	2.06303	2.0625
2	29	1.96928	1.96875
2	30	2.15678	2.15625
2	31	2.06303	2.0625
2	32	2.13288	2.13281
2	33	2.06303	2.0625
2	34	2.15678	2.15625
2	35	2.1099	2.10938
2	36	2.15678	2.15625
2	37	1.96928	1.96875
2	38	2.09854	2.11586
2	39	2.01615	2.01562
2	40	2.06303	2.0625
2	41	2.01615	2.01562
2	42	2.13288	2.13281
2	43	2.03913	2.03906
2	44	2.17976	2.17969
2	45	2.06303	2.0625
2	46	2.01615	2.01562
2	47	2.03913	2.03906
3	0	7.01567	6.90554
3	1	6.51319	6.48479
3	2	6.67956	6.67969
3	3	6.44543	6.44531
3	4	6.31512	6.52697
3	5	6.56286	6.5625
3	6	6.65661	6.65625
3	7	6.53894	6.53906
3	8	6.75036	6.75
3	9	6.53894	6.53906
3	10	6.63269	6.63281
3	11	6.65661	6.65625
3	12	6.70348	6.70312
3	13	6.54178	6.52734
3	14	6.58606	6.58594
3	15	6.58581	6.58594
3	16	6.57747	6.53038
3	17	6.33806	6.28125
3	18	6.5728	6.53091
3	19	6.48051	6.33854
3	20	6.64653	6.55611
3	21	6.64747	6.57031
3	22	6.58512	6.54774
3	23	6.41878	6.35826
3	24	6.4535	6.41122
3	25	6.60618	6.58594
3	26	6.45313	6.30469
3	27	6.35938	6.24609
3	28	6.58082	6.52344
3	29	6.54688	6.44531
3	30	7.62654	6.25781
3	31	7.9418	6.58594
3	32	6.69626	6.67969
3	33	6.63553	6.59263
3	34	6.7751	6.71615
3	35	6.64067	6.52604
3	36	6.68313	6.6179
3	37	6.66077	6.61719
3	38	6.68394	6.6658
3	39	6.61315	6.65255
3	40	6.68288	6.68638
3	41	-11.0531	0
3	42	6.65685	6.65625
3	43	-11.0531	0
3	44	7.51993	6.16406
3	45	8.03555	6.67969
3	46	-11.0531	0
3	47	-11.0531	0
4	0	-11.0531	0
4	1	7.00788	7.00781
4	2	6.51615	6.51562
4	3	6.93803	6.9375
4	4	6.51615	6.51562
4	5	6.46928	6.46875
4	6	-11.0531	0
4	7	-11.0531	0
4	8	7.03178	7.03125
4	9	-11.0531	0
4	10	-11.0531	0
4	11	6.93803	6.9375
4	12	6.65678	6.65625
4	13	6.37553	6.375
4	14	6.51615	6.51562
4	15	6.51615	6.51562
4	16	6.46928	6.46875
4	17	6.30851	6.33184
4	18	6.51534	6.51562
4	19	6.37553	6.375
4	20	6.49226	6.49219
4	21	6.4224	6.42188
4	22	6.32865	6.32812
4	23	6.37553	6.375
4	24	6.6099	6.60938
4	25	6.63288	6.63281
4	26	6.63288	6.63281
4	27	6.47297	6.49589
4	28	6.63301	6.63281
4	29	6.51963	6.54273
4	30	6.63523	6.65975
4	31	6.58613	6.58594
4	32	6.58601	6.58594
4	33	6.58601	6.58594
4	34	6.65678	6.65625
4	35	6.49226	6.49219
4	36	6.63288	6.63281
4	37	6.49226	6.49219
4	38	6.58601	6.58594
4	39	6.44852	6.47237
4	40	6.51966	6.54273
4	41	6.39863	6.39844
4	42	6.51963	6.54273
4	43	6.49238	6.49219
4	44	6.58601	6.58594
4	45	6.46841	6.46875
4	46	6.51528	6.51562
4	47	6.5155	6.51562
5	0	-0.0228371	-0.0234375
5	1	-0.0228371	-0.0234375
5	2	-0.116587	-0.117188
5	3	0.117788	0.117188
5	4	-0.0228371	-0.0234375
5	5	-0.0228371	-0.0234375
5	6	0.0240379	0.0234375
5	7	0.00052833	0
5	8	-0.0228371	-0.0234375
5	9	0.0240379	0.0234375
5	10	-0.0697121	-0.0703125
5	11	0.0709129	0.0703125
5	12	-0.0932217	-0.09375
5	13	0.0709129	0.0703125
5	14	-0.0228371	-0.0234375
5	15	0.117788	0.117188
5	16	0.0240379	0.0234375
5	17	0.117788	0.117188
5	18	-0.0463467	-0.046875
5	19	0.00052833	0
5	20	0.00052833	0
5	21	-0.0228371	-0.0234375
5	22	0.00052833	0
5	23	-0.0228371	-0.0234375
5	24	0.00052833	0
5	25	-0.0463467	-0.046875
5	26	-0.0697121	-0.0703125
5	27	0.117788	0.117188
5	28	-0.0228371	-0.0234375
5	29	0.0240379	0.0234375
5	30	-0.116587	-0.117188
5	31	0.00052833	0
5	32	-0.0932217	-0.09375
5	33	-0.0228371	-0.0234375
5	34	-0.0932217	-0.09375
5	35	0.00052833	0
5	36	-0.0463467	-0.046875
5	37	0.0709129	0.0703125
5	38	0.55625	0.0157501
5	39	0.0709127	0.0703125
5	40	-0.0463467	-0.046875
5	41	0.0474033	0.046875
5	42	-0.0697121	-0.0703125
5	43	-0.0228371	-0.0234375
5	44	0.36875	-0.17163
5	45	-0.0932216	-0.09375
5	46	0.000528331	0
5	47	-0.0463467	-0.046875
6	0	0.0240379	0.0234375
6	1	0.0240379	0.0234375
6	2	-0.0697121	-0.0703125
6	3	0.141153	0.140625
6	4	0.0474033	0.046875
6	5	0.0240379	0.0234375
6	6	-0.0228371	-0.0234375
6	7	0.117788	0.117188
6	8	-0.0697121	-0.0703125
6	9	-0.0228371	-0.0234375
6	10	-0.0228371	-0.0234375
6	11	-0.0228371	-0.0234375
6	12	-0.0697121	-0.0703125
6	13	0.0474033	0.046875
6	14	-0.0228371	-0.0234375
6	15	0.0709129	0.0703125
6	16	0.117788	0.117188
6	17	0.211538	0.210938
6	18	-0.0228371	-0.0234375
6	19	0.0709129	0.0703125
6	20	0.000528331	0
6	21	0.0240379	0.0234375
6	22	0.0709129	0.0703125
6	23	0.0709129	0.0703125
6	24	-0.0463467	-0.046875
6	25	-0.0697121	-0.0703125
6	26	0.0240379	0.0234375
6	27	0.000528331	0
6	28	-0.0932217	-0.09375
6	29	0.0709129	0.0703125
6	30	-0.140097	-0.140625
6	31	-0.0697121	-0.0703125
6	32	-0.0228371	-0.0234375
6	33	0.00052833	0
6	34	-0.0228371	-0.0234375
6	35	0.0709129	0.0703125
6	36	-0.0463467	-0.046875
6	37	0.0942783	0.09375
6	38	-1.74063	-0.228694
6	39	-0.000252062	0
6	40	0.415625	-0.124785
6	41	-0.116587	-0.117188
6	42	-0.0228371	-0.0234375
6	43	-0.0228371	-0.0234375
6	44	-0.186972	-0.1875
6	45	0.0240379	0.0234375
6	46	0.0240379	0.0234375
6	47	-0.0463467	-0.046875
7	0	2.13341	2.13281
7	1	2.03966	2.03906
7	2	2.20365	2.20312
7	3	2.22716	2.22656
7	4	2.13341	2.13281
7	5	2.22716	2.22656
7	6	2.03966	2.03906
7	7	2.15637	2.15625
7	8	2.13341	2.13281
7	9	2.08654	2.08594
7	10	2.03966	2.03906
7	11	2.27404	2.27344
7	12	2.18029	2.17969
7	13	2.13341	2.13281
7	14	2.13341	2.13281
7	15	2.27404	2.27344
7	16	2.03966	2.03906
7	17	2.13341	2.13281
7	18	2.08654	2.08594
7	19	2.08654	2.08594
7	20	1.94591	1.94531
7	21	2.15678	2.15625
7	22	2.03966	2.03906
7	23	2.03966	2.03906
7	24	1.99279	1.99219
7	25	1.99279	1.99219
7	26	2.01615	2.01562
7	27	2.15678	2.15625
7	28	2.01615	2.01562
7	29	2.06303	2.0625
7	30	2.01615	2.01562
7	31	2.06303	2.0625
7	32	1.9224	1.92188
7	33	1.99279	1.99219
7	34	1.87553	1.875
7	35	2.03966	2.03906
7	36	1.99279	1.99219
7	37	2.20365	2.20312
7	38	2.01615	2.01562
7	39	2.03966	2.03906
7	40	2.01615	2.01562
7	41	2.13341	2.13281
7	42	1.9224	1.92188
7	43	2.06303	2.0625
7	44	1.87553	1.875
7	45	1.96928	1.96875
7	46	2.06303	2.0625
7	47	2.06303	2.0625
8	0	6.39904	6.39844
8	1	6.4462	6.47219
8	2	6.39903	6.39844
8	3	6.53966	6.53906
8	4	6.44591	6.44531
8	5	6.44591	6.44531
8	6	6.4224	6.42188
8	7	6.49279	6.49219
8	8	6.44591	6.44531
8	9	6.47065	6.4957
8	10	6.39903	6.39844
8	11	6.46928	6.46875
8	12	6.4224	6.42188
8	13	6.44591	6.44531
8	14	6.35216	6.35156
8	15	6.53966	6.53906
8	16	6.39904	6.39844
8	17	6.46928	6.46875
8	18	6.37553	6.375
8	19	6.4224	6.42188
8	20	6.32865	6.32812
8	21	6.49279	6.49219
8	22	6.39904	6.39844
8	23	6.35216	6.35156
8	24	6.46928	6.46875
8	25	6.44591	6.44531
8	26	6.46928	6.46875
8	27	6.58654	6.58594
8	28	6.51615	6.51562
8	29	6.51615	6.51562
8	30	6.4224	6.42188
8	31	6.51615	6.51562
8	32	6.46928	6.46875
8	33	-11.0531	0
8	34	6.46928	6.46875
8	35	6.49522	6.51922
8	36	6.49278	6.49219
8	37	6.53966	6.53906
8	38	6.51615	6.51562
8	39	6.58654	6.58594
8	40	-11.0531	0
8	41	-11.0531	0
8	42	-11.0531	0
8	43	-11.0531	0
8	44	-11.0531	0
8	45	-11.0531	0
8	46	-11.0531	0
8	47	-11.0531	0
9	0	6.46928	6.46875
9	1	6.51615	6.51562
9	2	6.6099	6.60938
9	3	6.6099	6.60938
9	4	6.51615	6.51562
9	5	6.70365	6.70312
9	6	6.46928	6.46875
9	7	6.56303	6.5625
9	8	6.6099	6.60938
9	9	6.51615	6.51562
9	10	6.4224	6.42188
9	11	6.70365	6.70312
9	12	6.6099	6.60938
9	13	6.49279	6.49219
9	14	6.46928	6.46875
9	15	6.68029	6.67969
9	16	6.46928	6.46875
9	17	6.56303	6.5625
9	18	6.58654	6.58594
9	19	6.46928	6.46875
9	20	6.39904	6.39844
9	21	6.6099	6.60938
9	22	6.46928	6.46875
9	23	6.51615	6.51562
9	24	6.4224	6.42188
9	25	6.46928	6.46875
9	26	6.46928	6.46875
9	27	6.51615	6.51562
9	28	6.4224	6.42188
9	29	6.53966	6.53906
9	30	6.4224	6.42188
9	31	6.46928	6.46875
9	32	6.46928	6.46875
9	33	6.51615	6.51562
9	34	5.95365	5.95312
9	35	6.56303	6.5625
9	36	-11.0531	0
9	37	6.51615	6.51562
9	38	6.46928	6.46875
9	39	6.56303	6.5625
9	40	6.44538	6.44531
9	41	6.46928	6.46875
9	42	6.39851	6.39844
9	43	6.4224	6.42188
9	44	6.37553	6.375
9	45	6.51615	6.51562
9	46	6.44538	6.44531
9	47	6.44538	6.44531
10	0	0.211007	0.210938
10	1	0.141153	0.140625
10	2	0.211538	0.210938
10	3	0.164663	0.164062
10	4	0.0942783	0.09375
10	5	0.234903	0.234375
10	6	0.117788	0.117188
10	7	0.117788	0.117188
10	8	0.0709129	0.0703125
10	9	0.0942783	0.09375
10	10	0.0709129	0.0703125
10	11	0.141153	0.140625
10	12	0.164663	0.164062
10	13	-0.0233685	-0.0234375
10	14	0.0709129	0.0703125
10	15	0.211538	0.210938
10	16	0.0942783	0.09375
10	17	0.0942783	0.09375
10	18	0.211538	0.210938
10	19	0.164663	0.164062
10	20	-0.0228371	-0.0234375
10	21	0.074444	0.0612399
10	22	0.187618	0.1875
10	23	0.211538	0.210938
10	24	0.0240379	0.0234375
10	25	-0.0697121	-0.0703125
10	26	-0.0228371	-0.0234375
10	27	0.211538	0.210938
10	28	0.117788	0.117188
10	29	0.117788	0.117188
10	30	0.117788	0.117188
10	31	0.696875	0.156285
10	32	-0.0228374	-0.0234375
10	33	-0.0228371	-0.0234375
10	34	-0.0228371	-0.0234375
10	35	-0.046757	-0.046875
10	36	-0.0228371	-0.0234375
10	37	0.117788	0.117188
10	38	0.0709129	0.0703125
10	39	0.117788	0.117188
10	40	0.164663	0.164062
10	41	0.305288	0.304688
10	42	0.0709129	0.0703125
10	43	0.211538	0.210938
10	44	0.164663	0.164062
10	45	-0.0228371	-0.0234375
10	46	0.188028	0.1875
10	47	0.117788	0.117188
11	0	-0.0463467	-0.046875
11	1	-0.140097	-0.140625
11	2	-0.0697121	-0.0703125
11	3	0.117788	0.117188
11	4	0.0240379	0.0234375
11	5	0.0709129	0.0703125
11	6	0.00052833	0
11	7	0.117788	0.117188
11	8	0.0240379	0.0234375
11	9	-0.0697121	-0.0703125
11	10	-0.0697121	-0.0703125
11	11	-0.0697121	-0.0703125
11	12	-0.0697121	-0.0703125
11	13	0.0240379	0.0234375
11	14	0.0240379	0.0234375
11	15	0.164663	0.164062
11	16	0.0709129	0.0703125
11	17	0.117788	0.117188
11	18	-0.0697121	-0.0703125
11	19	0.117788	0.117188
11	20	-0.0697121	-0.0703125
11	21	-0.0697121	-0.0703125
11	22	0.046993	0.046875
11	23	-0.0228371	-0.0234375
11	24	0.093868	0.09375
11	25	-0.0228371	-0.0234375
11	26	0.0709129	0.0703125
11	27	0.0709129	0.0703125
11	28	0.0240379	0.0234375
11	29	0.117788	0.117188
11	30	-0.046757	-0.046875
11	31	-0.0228371	-0.0234375
11	32	-0.116587	-0.117188
11	33	-0.0228371	-0.0234375
11	34	-0.046757	-0.046875
11	35	-0.046757	-0.046875
11	36	0.509375	-0.0310949
11	37	-0.0467595	-0.046875
11	38	-0.0228371	-0.0234375
11	39	0.000118032	0
11	40	-0.093632	-0.09375
11	41	0.0240379	0.0234375
11	42	0.0240379	0.0234375
11	43	0.0240379	0.0234375
11	44	-0.0697121	-0.0703125
11	45	0.0709129	0.0703125
11	46	0.0709129	0.0703125
11	47	0.0240379	0.0234375
12	0	2.06303	2.0625
12	1	1.96928	1.96875
12	2	1.99279	1.99219
12	3	2.13341	2.13281
12	4	2.08654	2.08594
12	5	2.03966	2.03906
12	6	1.99279	1.99219
12	7	2.1099	2.10938
12	8	1.94591	1.94531
12	9	2.55529	2.55469
12	10	2.06303	2.0625
12	11	1.99279	1.99219
12	12	2.03966	2.03906
12	13	2.02765	2.04543
12	14	2.08654	2.08594
12	15	2.08654	2.08594
12	16	2.03966	2.03906
12	17	2.08654	2.08594
12	18	1.94591	1.94531
12	19	2.03966	2.03906
12	20	1.94591	1.94531
12	21	2.03966	2.03906
12	22	2.08654	2.08594
12	23	2.06262	2.0625
12	24	2.27404	2.27344
12	25	2.18029	2.17969
12	26	2.22716	2.22656
12	27	2.41466	2.41406
12	28	2.27404	2.27344
12	29	2.34387	2.34375
12	30	2.25012	2.25
12	31	2.36779	2.36719
12	32	2.22716	2.22656
12	33	2.27404	2.27344
12	34	2.32091	2.32031
12	35	2.25012	2.25
12	36	2.27404	2.27344
12	37	2.36779	2.36719
12	38	2.36779	2.36719
12	39	2.41466	2.41406
12	40	-11.0531	0
12	41	2.39074	2.39062
12	42	2.22716	2.22656
12	43	2.32091	2.32031
12	44	2.75937	2.21746
12	45	2.22716	2.22656
12	46	2.36779	2.36719
12	47	2.2974	2.29688
13	0	6.72663	6.72656
13	1	6.63523	6.65975
13	2	6.82091	6.82031
13	3	6.75066	6.77677
13	4	6.72716	6.72656
13	5	6.82091	6.82031
13	6	6.63341	6.63281
13	7	6.77404	6.77344
13	8	6.63341	6.63281
13	9	6.63341	6.63281
13	10	6.63341	6.63281
13	11	6.75012	6.75
13	12	6.77404	6.77344
13	13	6.68029	6.67969
13	14	6.68029	6.67969
13	15	6.77404	6.77344
13	16	6.63341	6.63281
13	17	6.75053	6.75
13	18	6.68029	6.67969
13	19	6.68029	6.67969
13	20	6.53966	6.53906
13	21	6.72716	6.72656
13	22	6.75012	6.75
13	23	6.72716	6.72656
13	24	6.51574	6.51562
13	25	6.49279	6.49219
13	26	6.58654	6.58594
13	27	6.53966	6.53906
13	28	6.44591	6.44531
13	29	6.63341	6.63281
13	30	6.42199	6.42188
13	31	6.49279	6.49219
13	32	6.51574	6.51562
13	33	6.53966	6.53906
13	34	6.53966	6.53906
13	35	6.58654	6.58594
13	36	6.60949	6.60938
13	37	6.65637	6.65625
13	38	6.65637	6.65625
13	39	6.68029	6.67969
13	40	6.53966	6.53906
13	41	6.65637	6.65625
13	42	6.53966	6.53906
13	43	6.56262	6.5625
13	44	6.49279	6.49219
13	45	6.60949	6.60938
13	46	6.68029	6.67969
13	47	6.6099	6.60938
14	0	6.63288	6.63281
14	1	6.53913	6.53906
14	2	6.58855	6.6129
14	3	6.68028	6.67969
14	4	6.6099	6.60938
14	5	6.65678	6.65625
14	6	6.51615	6.51562
14	7	6.6099	6.60938
14	8	6.51615	6.51562
14	9	6.58654	6.58594
14	10	6.6099	6.60938
14	11	6.56303	6.5625
14	12	6.6099	6.60938
14	13	6.65678	6.65625
14	14	6.65678	6.65625
14	15	6.65678	6.65625
14	16	6.56303	6.5625
14	17	6.68029	6.67969
14	18	6.53966	6.53906
14	19	6.65678	6.65625
14	20	6.51615	6.51562
14	21	6.56303	6.5625
14	22	6.70365	6.70312
14	23	6.6099	6.60938
14	24	6.6099	6.60938
14	25	6.51615	6.51562
14	26	6.58654	6.58594
14	27	6.70365	6.70312
14	28	6.58654	6.58594
14	29	6.63341	6.63281
14	30	6.53966	6.53906
14	31	6.63341	6.63281
14	32	6.46928	6.46875
14	33	6.51615	6.51562
14	34	6.53966	6.53906
14	35	6.51615	6.51562
14	36	6.47065	6.4957
14	37	6.49278	6.49219
14	38	6.51615	6.51562
14	39	6.68029	6.67969
14	40	6.44591	6.44531
14	41	6.51615	6.51562
14	42	6.46928	6.46875
14	43	6.53966	6.53906
14	44	6.4224	6.42188
14	45	6.53966	6.53906
14	46	6.58654	6.58594
14	47	6.46928	6.46875
15	0	-0.0932217	-0.09375
15	1	0.00052833	0
15	2	-0.0932217	-0.09375
15	3	-0.0932217	-0.09375
15	4	0.00052833	0
15	5	-0.0932217	-0.09375
15	6	0.141153	0.140625
15	7	-11.0531	0
15	8	0.0942783	0.09375
15	9	0.00052833	0
15	10	0.0240379	0.0234375
15	11	0.0474033	0.046875
15	12	0.00052833	0
15	13	0.00052833	0
15	14	-0.0463467	-0.046875
15	15	0.0474033	0.046875
15	16	0.141153	0.140625
15	17	0.00052833	0
15	18	0.00052833	0
15	19	-0.0697121	-0.0703125
15	20	0.117788	0.117188
15	21	-0.0228371	-0.0234375
15	22	-0.140097	-0.140625
15	23	-0.0463467	-0.046875
15	24	-0.0697121	-0.0703125
15	25	0.0240379	0.0234375
15	26	-0.0932217	-0.09375
15	27	-0.233847	-0.234375
15	28	-0.0932217	-0.09375
15	29	-0.186972	-0.1875
15	30	-0.0932217	-0.09375
15	31	-0.186972	-0.1875
15	32	-0.0697121	-0.0703125
15	33	-0.0697121	-0.0703125
15	34	-0.140097	-0.140625
15	35	-0.0932217	-0.09375
15	36	-0.186972	-0.1875
15	37	-0.0463467	-0.046875
15	38	-0.0463467	-0.046875
15	39	-0.233847	-0.234375
15	40	-0.0463467	-0.046875
15	41	-0.140097	-0.140625
15	42	-0.0932217	-0.09375
15	43	-0.140097	-0.140625
15	44	0.0240379	0.0234375
15	45	-0.140097	-0.140625
15	46	-0.140097	-0.140625
15	47	-0.0463467	-0.046875
16	0	0.188028	0.1875
16	1	0.234903	0.234375
16	2	0.141153	0.140625
16	3	0.00052833	0
16	4	0.141153	0.140625
16	5	-0.0697121	-0.0703125
16	6	0.141153	0.140625
16	7	-0.296875	0.101172
16	8	0.0709127	0.0703125
16	9	0.234903	0.234375
16	10	0.188028	0.1875
16	11	0.0709129	0.0703125
16	12	0.0240379	0.0234375
16	13	0.0240379	0.0234375
16	14	-0.0228371	-0.0234375
16	15	-0.116587	-0.117188
16	16	0.00052833	0
16	17	-0.163462	-0.164062
16	18	0.117788	0.117188
16	19	-0.0932217	-0.09375
16	20	0.0709129	0.0703125
16	21	0.164663	0.164062
16	22	0.0240379	0.0234375
16	23	0.141153	0.140625
16	24	0.0942783	0.09375
16	25	0.164663	0.164062
16	26	0.0240379	0.0234375
16	27	0.00052833	0
16	28	0.0942783	0.09375
16	29	0.00052833	0
16	30	0.141153	0.140625
16	31	0.0474033	0.046875
16	32	0.0474033	0.046875
16	33	0.117788	0.117188
16	34	0.0474033	0.046875
16	35	0.0709129	0.0703125
16	36	-0.0228371	-0.0234375
16	37	-0.0697121	-0.0703125
16	38	-0.0932217	-0.09375
16	39	-0.0932217	-0.09375
16	40	0.0942783	0.09375
16	41	0.00052833	0
16	42	0.117788	0.117188
16	43	0.0942783	0.09375
16	44	0.164663	0.164062
16	45	0.0942783	0.09375
16	46	0.00052833	0
16	47	0.0474033	0.046875
17	0	2.20365	2.20312
17	1	2.22716	2.22656
17	2	2.18029	2.17969
17	3	2.13341	2.13281
17	4	2.22716	2.22656
17	5	2.08654	2.08594
17	6	2.18029	2.17969
17	7	2.08654	2.08594
17	8	2.18029	2.17969
17	9	2.18029	2.17969
17	10	2.18029	2.17969
17	11	2.13341	2.13281
17	12	2.15637	2.15625
17	13	2.22716	2.22656
17	14	2.27404	2.27344
17	15	2.08654	2.08594
17	16	2.36779	2.36719
17	17	2.27404	2.27344
17	18	2.27404	2.27344
17	19	2.27404	2.27344
17	20	2.36779	2.36719
17	21	2.36779	2.36719
17	22	2.27404	2.27344
17	23	2.41466	2.41406
17	24	2.01574	2.01562
17	25	2.13341	2.13281
17	26	2.03966	2.03906
17	27	1.99279	1.99219
17	28	2.08654	2.08594
17	29	2.04691	2.03008
17	30	2.18029	2.17969
17	31	2.08654	2.08594
17	32	2.18029	2.17969
17	33	2.08654	2.08594
17	34	2.13341	2.13281
17	35	2.08654	2.08594
17	36	2.08654	2.08594
17	37	1.89904	1.89844
17	38	1.89904	1.89844
17	39	2.08654	2.08594
17	40	1.99279	1.99219
17	41	1.94591	1.94531
17	42	2.13341	2.13281
17	43	1.99279	1.99219
17	44	2.03966	2.03906
17	45	2.08654	2.08594
17	46	1.89904	1.89844
17	47	1.99279	1.99219
18	0	6.73438	6.66883
18	1	4.86875	6.43752
18	2	4.82187	6.59915
18	3	4.775	6.44525
18	4	4.82187	6.46094
18	5	4.63437	6.29147
18	6	4.86875	6.53226
18	7	4.72812	6.37755
18	8	4.68125	6.26612
18	9	4.775	6.36268
18	10	4.775	6.40927
18	11	4.68125	6.42489
18	12	4.5875	6.25084
18	13	4.72812	6.49219
18	14	4.72812	6.62185
18	15	4.54062	6.40168
18	16	4.86875	6.61328
18	17	6.70035	6.60224
18	18	7.16562	6.72039
18	19	6.54411	6.56626
18	20	6.59079	6.6131
18	21	6.73737	6.60586
18	22	7.11875	6.81371
18	23	7.0925	6.75875
18	24	7.025	6.72008
18	25	7.16562	6.86101
18	26	7.11875	6.82996
18	27	7.025	6.49111
18	28	4.9625	6.61678
18	29	6.5155	6.51562
18	30	7.21233	6.58594
18	31	6.45091	6.4802
18	32	4.86875	6.68068
18	33	4.775	6.48783
18	34	4.68125	6.28463
18	35	4.82187	6.61267
18	36	4.82187	6.60873
18	37	4.72812	6.50024
18	38	4.72812	6.56676
18	39	4.63437	6.59527
18	40	4.91562	6.79782
18	41	8.23447	8.0625
18	42	5.00937	6.90039
18	43	4.86875	6.47376
18	44	5.00937	6.88793
18	45	4.86875	6.61469
18	46	4.82187	6.60618
18	47	4.91562	6.81418
19	0	6.37957	6.4022
19	1	6.46845	6.46875
19	2	6.37553	6.375
19	3	6.28619	6.30852
19	4	6.42161	6.42188
19	5	6.30851	6.33184
19	6	6.44851	6.47237
19	7	6.37467	6.375
19	8	6.56303	6.5625
19	9	6.49226	6.49219
19	10	6.46928	6.46875
19	11	6.46928	6.46875
19	12	6.37553	6.375
19	13	6.46928	6.46875
19	14	6.46928	6.46875
19	15	6.32865	6.32812
19	16	6.53913	6.53906
19	17	6.4224	6.42188
19	18	6.51615	6.51562
19	19	6.49226	6.49219
19	20	6.6099	6.60938
19	21	6.37553	6.375
19	22	6.4224	6.42188
19	23	6.49226	6.49219
19	24	6.51615	6.51562
19	25	6.65678	6.65625
19	26	6.46928	6.46875
19	27	6.46928	6.46875
19	28	6.56303	6.5625
19	29	6.40183	6.42553
19	30	6.60906	6.60938
19	31	6.51615	6.51562
19	32	6.58654	6.58594
19	33	6.6354	6.66324
19	34	6.60916	6.60938
19	35	6.6099	6.60938
19	36	6.53966	6.53906
19	37	6.5419	6.56606
19	38	6.53966	6.53906
19	39	6.46928	6.46875
19	40	6.6099	6.60938
19	41	6.44838	6.47237
19	42	6.58653	6.58594
19	43	6.56303	6.5625
19	44	6.65678	6.65625
19	45	6.53966	6.53906
19	46	6.44591	6.44531
19	47	6.5419	6.56606
