#
N 1	1.45	0 7.32601
N 2	-0.45	0 7.06714
N 3	0.15	0 7.16846
N 4	-0.45	0 7.06714
N 5	-0.35	0 7.01754
N 6	-0.15	0 7.11744
N 7	0.55	0 7.27273
N 8	-0.55	0 7.01754
N 9	-0.25	0 7.16846
N 10	-0.35	0 7.01754
N 11	0.25	0 7.43494
N 12	1.05	0 7.43494
N 13	-0.15	0 7.11744
N 14	0.35	0 7.27273
N 15	-0.25	0 7.16846
N 16	0.55	0 7.06714
N 17	0.45	0 7.11744
N 18	0.15	0 7.27273
N 19	2.15	0 8.3682
N 20	0.85	0 7.22022
N 21	-2.05	0 6.60066
N 22	-0.05	0 7.16846
N 23	0.35	0 7.38007
N 24	0.55	0 7.49064
N 25	-0.05	0 8.81057
N 26	0.75	0 8.3682
N 27	0.75	0 7.16846
N 28	0.75	0 7.06714
N 29	-0.95	0 6.92042
N 30	-0.05	0 7.06714
N 31	-45.55	0 1.80995
N 32	0.05	0 6.92042
N 33	0.05	0 7.11744
N 34	-1.45	0 6.68896
N 35	-0.95	0 6.73401
N 36	0.35	0 7.06714
N 37	-1.15	0 6.82594
N 38	1.25	0 7.22022
N 39	2.05	0 7.22022
N 40	-1.85	0 6.68896
N 41	0.85	0 7.11744
N 42	0.05	0 6.82594
N 43	1.35	0 7.38007
N 44	-1.15	0 6.82594
N 45	1.65	0 7.22022
N 46	0.45	0 7.11744
N 47	-0.65	0 6.77966
N 48	0.75	0 7.16846
N 49	2.15	0 7.27273
N 50	0.55	0 7.27273
N 51	1.05	0 7.22022
N 52	0.65	0 7.11744
N 53	2.75	0 7.38007
N 54	3.35	0 7.49064
N 55	1.35	0 7.16846
N 56	0.65	0 7.01754
N 57	0.05	0 7.11744
N 58	1.95	0 7.27273
N 59	-1.15	0 7.11744
N 60	-0.65	0 7.16846
V 1	-0.35	0 8.43882
V 2	-0.25	0 8.51064
V 3	-0.35	0 7.22022
V 4	-1.05	0 6.87285
V 5	-0.65	0 6.96864
V 6	-0.65	0 6.87285
V 7	0.95	0 7.49064
V 8	0.55	0 7.16846
V 9	-0.25	0 7.06714
V 10	-0.55	0 6.92042
V 11	-0.35	0 7.22022
V 12	-0.45	0 8.3682
V 13	0.15	0 7.16846
V 14	-0.95	0 7.01754
V 15	-1.25	0 6.87285
V 16	-1.35	0 6.73401
V 17	1.45	0 7.7821
V 18	-0.85	0 7.96813
V 19	-2.95	0 6.55738
V 20	1.25	0 7.90514
V 21	0.15	0 7.06714
V 22	0.65	0 7.11744
V 23	1.05	0 7.22022
V 24	-3.15	0 6.47249
V 25	0.25	0 7.22022
V 26	-0.05	0 6.96864
V 27	0.55	0 7.06714
V 28	0.05	0 6.92042
V 29	0.55	0 7.06714
V 30	0.35	0 7.38007
V 31	3.45	0 8.29876
V 32	-0.45	0 6.87285
V 33	1.35	0 8.23045
V 34	1.45	0 7.22022
V 35	0.95	0 7.72201
V 36	-1.95	0 7.66284
V 37	0.05	0 7.7821
V 38	-0.45	0 7.16846
V 39	0.85	0 7.11744
V 40	1.55	0 7.38007
V 41	-1.95	0 6.64452
V 42	-0.25	0 7.38007
V 43	-0.65	0 7.38007
V 44	1.25	0 7.90514
V 45	0.35	0 6.87285
V 46	0.35	0 6.96864
V 47	0.35	0 7.16846
V 48	1.75	0 7.27273
V 49	-1.95	0 6.55738
V 50	0.25	0 7.22022
V 51	1.15	0 7.27273
V 52	-0.75	0 7.11744
V 53	1.55	0 7.16846
V 54	-1.05	0 6.68896
V 55	0.85	0 7.11744
V 56	0.55	0 6.96864
V 57	-0.15	0 6.92042
V 58	-0.05	0 7.16846
V 59	0.45	0 7.01754
V 60	-0.65	0 6.87285
