-37.5 -37.26 -36.41 -36.01
0.000736667 -0.0300959 2.00601 0 0
-0.113595 0.846104 0.389029 -0.333321 0 
0.693483 -3.54477 7.56008 -5.05333 1.11985
0
-37.5 -37.28 -36.43 -36.01
-0.000345596 0.0311495 2.07677 0 0
-0.091554 0.815456 0.419098 -0.344644 0 
0.250462 -2.17992 6.13834 -4.45244 1.0343
0
-37.55 -37.33 -36.48 -36.06
-0.000783088 0.0814959 1.86905 0 0
-0.100793 0.866586 0.358289 -0.310102 0
0.275733 -1.99841 5.77685 -4.23102 0.988507
0
-37.55 -37.32 -36.47 -36.06
-0.000520938 0.0751903 1.83061 0 0
-0.0985679 0.853551 0.333367 -0.287165 0
2.12579 -8.1488 13.2448 -8.19363 1.76815
0
-37.55 -37.32 -36.47 -36.06
0.000386487 -0.0183416 2.22247 0 0
-0.106485 0.884381 0.310913 -0.297165 0
1.64552 -6.79106 11.6933 -7.36528 1.59804
0
-37.55 -37.33 -36.48 -36.06
-1.83776e-05 0.0268343 2.17062 0 0
-0.0906405 0.822693 0.405558 -0.340392 0
-0.717445 0.927614 2.39521 -2.45129 0.634174
0
-37.55 -37.33 -36.48 -36.06
-0.00037866 0.0471492 2.074 0 0
-0.097715 0.881425 0.305453 -0.287871 0
0.0174013 -1.45964 5.31543 -4.03089 0.951584
0
-37.55 -37.32 -36.47 -36.06
-2.23972e-05 0.00607015 2.10263 0 0
-0.121433 0.974585 0.159482 -0.214029 0
2.21751 -8.17817 12.9636 -7.88596 1.67855
0
-37.45 -37.2 -36.35 -35.96
0.00104133 -0.0797035 2.07395 0 0
-0.17079 1.10445 0.109858 -0.235247 0
-1.42353 3.33617 -0.558635 -0.881497 0.326306
0
-37.45 -37.21 -36.36 -35.96
0.000416517 -0.0139359 2.03586 0 0
-0.150467 1.08772 0.0682081 -0.199607 0
1.04785 -4.60884 8.93372 -5.87804 1.30447
0
-37.5 -37.27 -36.42 -36.01
0.000151432 0.0134908 2.03765 0 0
-0.156552 1.1586 -0.0496196 -0.131208 0
1.74501 -6.68946 11.4236 -7.24542 1.58816
0
-37.5 -37.27 -36.42 -36.01
0.000511233 -0.0146181 2.07681 0 0
-0.15909 1.17037 -0.115654 -0.090707 0
-1.09005 1.72669 1.95938 -2.48728 0.688728
0
-37.5 -37.28 -36.43 -36.01
-6.66675e-05 0.0141098 2.18916 0 0
-0.131028 1.07234 0.0456192 -0.188675 0
1.02492 -4.8927 9.6005 -6.36732 1.42294
0
-37.5 -37.28 -36.43 -36.01
-0.000207428 0.0525068 1.99686 0 0
-0.121853 0.986407 0.205445 -0.260724 0
0.105347 -1.47775 5.15079 -3.89262 0.920559
0
-37.5 -37.27 -36.42 -36.01
0.000222475 -0.00069433 2.11427 0 0
-0.1451 1.08579 0.0719042 -0.211515 0
-1.08556 1.74704 1.82909 -2.3519 0.649472
0
-37.5 -37.26 -36.41 -36.01
0.00055907 -0.0351844 2.03705 0 0
-0.151053 1.03724 0.169363 -0.252565 0
1.41713 -5.81373 10.3713 -6.6256 1.44794
0

