 l   0   0    0.00    0.00
 g   0   0    0.00    0.00
 l   0   1    0.00    0.00
 g   0   1    0.00    0.00
 l   0   2    0.00    0.00
 g   0   2    0.00    0.00
 l   0   3    0.00    0.00
 g   0   3    0.00    0.00
 l   0   4    0.00    0.00
 g   0   4    0.00    0.00
 l   0   5    0.00    0.00
 g   0   5    0.00    0.00
 l   0   6    0.00    0.00
 g   0   6    0.00    0.00
 l   0   7    0.00    0.00
 g   0   7    0.00    0.00
 l   0   8    0.00    0.00
 g   0   8    0.00    0.00
 l   0   9    0.00    0.00
 g   0   9    0.00    0.00
 l   0  10    0.00    0.00
 g   0  10    0.00    0.00
 l   0  11    0.00    0.00
 g   0  11    0.00    0.00
 l   0  12    0.00    0.00
 g   0  12    0.00    0.00
 l   0  13    0.00    0.00
 g   0  13    0.00    0.00
 l   0  14    0.00    0.00
 g   0  14    0.00    0.00
 l   0  15    0.00    0.00
 g   0  15    0.00    0.00
 l   0  16    0.00    0.00
 g   0  16    0.00    0.00
 l   0  17    0.00    0.00
 g   0  17    0.00    0.00
 l   0  18    0.00    0.00
 g   0  18    0.00    0.00
 l   0  19    0.00    0.00
 g   0  19    0.00    0.00
 l   0  20    0.00    0.00
 g   0  20    0.00    0.00
 l   0  21    0.00    0.00
 g   0  21    0.00    0.00
 l   0  22    0.00    0.00
 g   0  22    0.00    0.00
 l   0  23    0.00    0.00
 g   0  23    0.00    0.00
 l   0  24    0.00    0.00
 g   0  24    0.00    0.00
 l   0  25    0.00    0.00
 g   0  25    0.00    0.00
 l   0  26    0.00    0.00
 g   0  26    0.00    0.00
 l   0  27    0.00    0.00
 g   0  27    0.00    0.00
 l   0  28    0.00    0.00
 g   0  28    0.00    0.00
 l   0  29    0.00    0.00
 g   0  29    0.00    0.00
 l   0  30    0.00    0.00
 g   0  30    0.00    0.00
 l   0  31    0.00    0.00
 g   0  31    0.00    0.00
 l   1   0    0.00    0.00
 g   1   0    0.00    0.00
 l   1   1    0.00    0.00
 g   1   1    0.00    0.00
 l   1   2    0.00    0.00
 g   1   2    0.00    0.00
 l   1   3    0.00    0.00
 g   1   3    0.00    0.00
 l   1   4    0.00    0.00
 g   1   4    0.00    0.00
 l   1   5    0.00    0.00
 g   1   5    0.00    0.00
 l   1   6    0.00    0.00
 g   1   6    0.00    0.00
 l   1   7    0.00    0.00
 g   1   7    0.00    0.00
 l   1   8    0.00    0.00
 g   1   8    0.00    0.00
 l   1   9    0.00    0.00
 g   1   9    0.00    0.00
 l   1  10    0.00    0.00
 g   1  10    0.00    0.00
 l   1  11    0.00    0.00
 g   1  11    0.00    0.00
 l   1  12    0.00    0.00
 g   1  12    0.00    0.00
 l   1  13    0.00    0.00
 g   1  13    0.00    0.00
 l   1  14    0.00    0.00
 g   1  14    0.00    0.00
 l   1  15    0.00    0.00
 g   1  15    0.00    0.00
 l   1  16    0.00    0.00
 g   1  16    0.00    0.00
 l   1  17    0.00    0.00
 g   1  17    0.00    0.00
 l   1  18    0.00    0.00
 g   1  18    0.00    0.00
 l   1  19    0.00    0.00
 g   1  19    0.00    0.00
 l   1  20    0.00    0.00
 g   1  20    0.00    0.00
 l   1  21    0.00    0.00
 g   1  21    0.00    0.00
 l   1  22    0.00    0.00
 g   1  22    0.00    0.00
 l   1  23    0.00    0.00
 g   1  23    0.00    0.00
 l   1  24    0.00    0.00
 g   1  24    0.00    0.00
 l   1  25    0.00    0.00
 g   1  25    0.00    0.00
 l   1  26    0.00    0.00
 g   1  26    0.00    0.00
 l   1  27    0.00    0.00
 g   1  27    0.00    0.00
 l   1  28    0.00    0.00
 g   1  28    0.00    0.00
 l   1  29    0.00    0.00
 g   1  29    0.00    0.00
 l   1  30    0.00    0.00
 g   1  30    0.00    0.00
 l   1  31    0.00    0.00
 g   1  31    0.00    0.00
 l   2   0    0.00    0.00
 g   2   0    0.00    0.00
 l   2   1   -1.73    8.74
 g   2   1   57.67    8.74
 l   2   2   -1.16    8.24
 g   2   2   58.24    8.24
 l   2   3   -1.13    8.16
 g   2   3   58.27    8.16
 l   2   4   -1.12    8.16
 g   2   4   58.28    8.16
 l   2   5   -1.31    8.37
 g   2   5   58.09    8.37
 l   2   6   -1.14    8.39
 g   2   6   58.26    8.39
 l   2   7   -1.42    8.47
 g   2   7   57.98    8.47
 l   2   8   -0.64    8.37
 g   2   8   58.76    8.37
 l   2   9   -0.89    7.96
 g   2   9   58.51    7.96
 l   2  10   -1.26    8.25
 g   2  10   58.14    8.25
 l   2  11   -0.78    8.65
 g   2  11   58.62    8.65
 l   2  12   -1.11    8.44
 g   2  12   58.29    8.44
 l   2  13   -1.30    8.24
 g   2  13   58.10    8.24
 l   2  14   -1.30    8.45
 g   2  14   58.10    8.45
 l   2  15   -0.76    8.41
 g   2  15   58.64    8.41
 l   2  16   -1.04    8.46
 g   2  16   58.36    8.46
 l   2  17   -0.96    8.66
 g   2  17   58.44    8.66
 l   2  18   -0.93    8.40
 g   2  18   58.47    8.40
 l   2  19   -1.04    8.43
 g   2  19   58.36    8.43
 l   2  20   -0.74    8.56
 g   2  20   58.66    8.56
 l   2  21   -1.04    8.48
 g   2  21   58.36    8.48
 l   2  22   -0.87    8.64
 g   2  22   58.53    8.64
 l   2  23    0.08    8.46
 g   2  23   59.48    8.46
 l   2  24    0.05    8.58
 g   2  24   59.45    8.58
 l   2  25   -0.63    6.24
 g   2  25   58.77    6.24
 l   2  26    0.95    6.12
 g   2  26   60.35    6.12
 l   2  27   -0.81    8.86
 g   2  27   58.59    8.86
 l   2  28   -0.28    8.61
 g   2  28   59.12    8.61
 l   2  29    0.56    8.60
 g   2  29   59.96    8.60
 l   2  30    0.29    8.51
 g   2  30   59.69    8.51
 l   2  31   -0.51    8.25
 g   2  31   58.89    8.25
 l   3   0    0.00    0.00
 g   3   0    0.00    0.00
 l   3   1   -0.45    8.27
 g   3   1   89.25    8.27
 l   3   2   -0.16    8.20
 g   3   2   89.54    8.20
 l   3   3   -0.27    8.34
 g   3   3   89.43    8.34
 l   3   4   -0.55    8.39
 g   3   4   89.15    8.39
 l   3   5   -0.56    8.33
 g   3   5   89.14    8.33
 l   3   6   -0.79    8.39
 g   3   6   88.91    8.39
 l   3   7   -0.06    7.29
 g   3   7   89.64    7.29
 l   3   8   -0.11    8.43
 g   3   8   89.59    8.43
 l   3   9   -0.07    8.26
 g   3   9   89.63    8.26
 l   3  10   -0.20    8.42
 g   3  10   89.50    8.42
 l   3  11   -0.04    8.54
 g   3  11   89.66    8.54
 l   3  12   -0.22    8.59
 g   3  12   89.48    8.59
 l   3  13   -0.48    8.48
 g   3  13   89.22    8.48
 l   3  14    0.20    8.60
 g   3  14   89.90    8.60
 l   3  15   -0.64    8.72
 g   3  15   89.06    8.72
 l   3  16   -0.32    8.57
 g   3  16   89.38    8.57
 l   3  17    0.25    8.70
 g   3  17   89.95    8.70
 l   3  18   -0.75    8.59
 g   3  18   88.95    8.59
 l   3  19   -0.34    8.63
 g   3  19   89.36    8.63
 l   3  20   -0.27    8.57
 g   3  20   89.43    8.57
 l   3  21    0.77    8.46
 g   3  21   90.47    8.46
 l   3  22    1.15    8.07
 g   3  22   90.85    8.07
 l   3  23   -0.74    8.41
 g   3  23   88.96    8.41
 l   3  24    0.10    8.67
 g   3  24   89.80    8.67
 l   3  25    0.13    8.51
 g   3  25   89.83    8.51
 l   3  26    0.65    8.62
 g   3  26   90.35    8.62
 l   3  27    0.08    8.61
 g   3  27   89.78    8.61
 l   3  28   -0.40    8.51
 g   3  28   89.30    8.51
 l   3  29    1.16    8.51
 g   3  29   90.86    8.51
 l   3  30   -0.59    8.20
 g   3  30   89.11    8.20
 l   3  31   -0.36    7.26
 g   3  31   89.34    7.26
 l   4   0    0.00    0.00
 g   4   0    0.00    0.00
 l   4   1    0.00    0.00
 g   4   1    0.00    0.00
 l   4   2    0.00    0.00
 g   4   2    0.00    0.00
 l   4   3    0.00    0.00
 g   4   3    0.00    0.00
 l   4   4    0.00    0.00
 g   4   4    0.00    0.00
 l   4   5    0.00    0.00
 g   4   5    0.00    0.00
 l   4   6    0.00    0.00
 g   4   6    0.00    0.00
 l   4   7    0.00    0.00
 g   4   7    0.00    0.00
 l   4   8    0.00    0.00
 g   4   8    0.00    0.00
 l   4   9    0.00    0.00
 g   4   9    0.00    0.00
 l   4  10    0.00    0.00
 g   4  10    0.00    0.00
 l   4  11    0.00    0.00
 g   4  11    0.00    0.00
 l   4  12    0.00    0.00
 g   4  12    0.00    0.00
 l   4  13    0.00    0.00
 g   4  13    0.00    0.00
 l   4  14    0.00    0.00
 g   4  14    0.00    0.00
 l   4  15    0.00    0.00
 g   4  15    0.00    0.00
 l   4  16    0.00    0.00
 g   4  16    0.00    0.00
 l   4  17    0.00    0.00
 g   4  17    0.00    0.00
 l   4  18    0.00    0.00
 g   4  18    0.00    0.00
 l   4  19    0.00    0.00
 g   4  19    0.00    0.00
 l   4  20    0.00    0.00
 g   4  20    0.00    0.00
 l   4  21    0.00    0.00
 g   4  21    0.00    0.00
 l   4  22    0.00    0.00
 g   4  22    0.00    0.00
 l   4  23    0.00    0.00
 g   4  23    0.00    0.00
 l   4  24    0.00    0.00
 g   4  24    0.00    0.00
 l   4  25    0.00    0.00
 g   4  25    0.00    0.00
 l   4  26    0.00    0.00
 g   4  26    0.00    0.00
 l   4  27    0.00    0.00
 g   4  27    0.00    0.00
 l   4  28    0.00    0.00
 g   4  28    0.00    0.00
 l   4  29    0.00    0.00
 g   4  29    0.00    0.00
 l   4  30    0.00    0.00
 g   4  30    0.00    0.00
 l   4  31    0.00    0.00
 g   4  31    0.00    0.00
 l   5   0    0.00    0.00
 g   5   0    0.00    0.00
 l   5   1    1.48   -3.73
 g   5   1   47.18   -3.73
 l   5   2   -0.64   -7.89
 g   5   2   45.06   -7.89
 l   5   3   -0.63   -8.00
 g   5   3   45.07   -8.00
 l   5   4   -0.69   -8.72
 g   5   4   45.01   -8.72
 l   5   5   -0.21   -7.75
 g   5   5   45.49   -7.75
 l   5   6   -1.00   -7.86
 g   5   6   44.70   -7.86
 l   5   7   -0.46   -8.53
 g   5   7   45.24   -8.53
 l   5   8   -0.87   -8.16
 g   5   8   44.83   -8.16
 l   5   9   -0.91   -8.25
 g   5   9   44.79   -8.25
 l   5  10   -0.72   -8.52
 g   5  10   44.98   -8.52
 l   5  11   -1.07   -8.12
 g   5  11   44.63   -8.12
 l   5  12   -0.09   -8.53
 g   5  12   45.61   -8.53
 l   5  13   -0.47   -8.15
 g   5  13   45.23   -8.15
 l   5  14   -0.72   -8.28
 g   5  14   44.98   -8.28
 l   5  15   -0.67   -8.59
 g   5  15   45.03   -8.59
 l   5  16   -0.23   -8.52
 g   5  16   45.47   -8.52
 l   5  17   -0.31   -8.33
 g   5  17   45.39   -8.33
 l   5  18   -0.22   -8.67
 g   5  18   45.48   -8.67
 l   5  19   -0.07   -8.82
 g   5  19   45.63   -8.82
 l   5  20    0.43   -8.55
 g   5  20   46.13   -8.55
 l   5  21   -0.83   -8.50
 g   5  21   44.87   -8.50
 l   5  22    0.25   -8.67
 g   5  22   45.95   -8.67
 l   5  23   -0.41   -8.62
 g   5  23   45.29   -8.62
 l   5  24    0.76   -8.69
 g   5  24   46.46   -8.69
 l   5  25   -0.00   -8.50
 g   5  25   45.70   -8.50
 l   5  26   -0.93   -8.30
 g   5  26   44.77   -8.30
 l   5  27    0.10   -8.52
 g   5  27   45.80   -8.52
 l   5  28    0.44   -8.45
 g   5  28   46.14   -8.45
 l   5  29   -0.23   -8.57
 g   5  29   45.47   -8.57
 l   5  30   -0.32   -8.23
 g   5  30   45.38   -8.23
 l   5  31    0.82   -7.56
 g   5  31   46.52   -7.56
 l   6   0    0.00    0.00
 g   6   0    0.00    0.00
 l   6   1    0.00    0.00
 g   6   1    0.00    0.00
 l   6   2    0.00    0.00
 g   6   2    0.00    0.00
 l   6   3    0.00    0.00
 g   6   3    0.00    0.00
 l   6   4    0.00    0.00
 g   6   4    0.00    0.00
 l   6   5    0.00    0.00
 g   6   5    0.00    0.00
 l   6   6    0.00    0.00
 g   6   6    0.00    0.00
 l   6   7    0.00    0.00
 g   6   7    0.00    0.00
 l   6   8    0.00    0.00
 g   6   8    0.00    0.00
 l   6   9    0.00    0.00
 g   6   9    0.00    0.00
 l   6  10    0.00    0.00
 g   6  10    0.00    0.00
 l   6  11    0.00    0.00
 g   6  11    0.00    0.00
 l   6  12    0.00    0.00
 g   6  12    0.00    0.00
 l   6  13    0.00    0.00
 g   6  13    0.00    0.00
 l   6  14    0.00    0.00
 g   6  14    0.00    0.00
 l   6  15    0.00    0.00
 g   6  15    0.00    0.00
 l   6  16    0.00    0.00
 g   6  16    0.00    0.00
 l   6  17    0.00    0.00
 g   6  17    0.00    0.00
 l   6  18    0.00    0.00
 g   6  18    0.00    0.00
 l   6  19    0.00    0.00
 g   6  19    0.00    0.00
 l   6  20    0.00    0.00
 g   6  20    0.00    0.00
 l   6  21    0.00    0.00
 g   6  21    0.00    0.00
 l   6  22    0.00    0.00
 g   6  22    0.00    0.00
 l   6  23    0.00    0.00
 g   6  23    0.00    0.00
 l   6  24    0.00    0.00
 g   6  24    0.00    0.00
 l   6  25    0.00    0.00
 g   6  25    0.00    0.00
 l   6  26    0.00    0.00
 g   6  26    0.00    0.00
 l   6  27    0.00    0.00
 g   6  27    0.00    0.00
 l   6  28    0.00    0.00
 g   6  28    0.00    0.00
 l   6  29    0.00    0.00
 g   6  29    0.00    0.00
 l   6  30    0.00    0.00
 g   6  30    0.00    0.00
 l   6  31    0.00    0.00
 g   6  31    0.00    0.00
 l   7   0    0.00    0.00
 g   7   0    0.00    0.00
 l   7   1    0.00    0.00
 g   7   1    0.00    0.00
 l   7   2    0.00    0.00
 g   7   2    0.00    0.00
 l   7   3    0.00    0.00
 g   7   3    0.00    0.00
 l   7   4    0.00    0.00
 g   7   4    0.00    0.00
 l   7   5    0.00    0.00
 g   7   5    0.00    0.00
 l   7   6    0.00    0.00
 g   7   6    0.00    0.00
 l   7   7    0.00    0.00
 g   7   7    0.00    0.00
 l   7   8    0.00    0.00
 g   7   8    0.00    0.00
 l   7   9    0.00    0.00
 g   7   9    0.00    0.00
 l   7  10    0.00    0.00
 g   7  10    0.00    0.00
 l   7  11    0.00    0.00
 g   7  11    0.00    0.00
 l   7  12    0.00    0.00
 g   7  12    0.00    0.00
 l   7  13    0.00    0.00
 g   7  13    0.00    0.00
 l   7  14    0.00    0.00
 g   7  14    0.00    0.00
 l   7  15    0.00    0.00
 g   7  15    0.00    0.00
 l   7  16    0.00    0.00
 g   7  16    0.00    0.00
 l   7  17    0.00    0.00
 g   7  17    0.00    0.00
 l   7  18    0.00    0.00
 g   7  18    0.00    0.00
 l   7  19    0.00    0.00
 g   7  19    0.00    0.00
 l   7  20    0.00    0.00
 g   7  20    0.00    0.00
 l   7  21    0.00    0.00
 g   7  21    0.00    0.00
 l   7  22    0.00    0.00
 g   7  22    0.00    0.00
 l   7  23    0.00    0.00
 g   7  23    0.00    0.00
 l   7  24    0.00    0.00
 g   7  24    0.00    0.00
 l   7  25    0.00    0.00
 g   7  25    0.00    0.00
 l   7  26    0.00    0.00
 g   7  26    0.00    0.00
 l   7  27    0.00    0.00
 g   7  27    0.00    0.00
 l   7  28    0.00    0.00
 g   7  28    0.00    0.00
 l   7  29    0.00    0.00
 g   7  29    0.00    0.00
 l   7  30    0.00    0.00
 g   7  30    0.00    0.00
 l   7  31    0.00    0.00
 g   7  31    0.00    0.00
 l   8   0    0.00    0.00
 g   8   0    0.00    0.00
 l   8   1   -0.26    6.97
 g   8   1   29.04    6.97
 l   8   2    1.14    8.47
 g   8   2   30.44    8.47
 l   8   3    1.03    8.32
 g   8   3   30.33    8.32
 l   8   4    0.93    8.86
 g   8   4   30.23    8.86
 l   8   5    0.59    8.34
 g   8   5   29.89    8.34
 l   8   6    0.66    8.75
 g   8   6   29.96    8.75
 l   8   7    0.32    8.44
 g   8   7   29.62    8.44
 l   8   8    0.21    8.59
 g   8   8   29.51    8.59
 l   8   9    0.16    8.28
 g   8   9   29.46    8.28
 l   8  10    0.06    8.30
 g   8  10   29.36    8.30
 l   8  11    0.35    8.18
 g   8  11   29.65    8.18
 l   8  12    0.34    8.28
 g   8  12   29.64    8.28
 l   8  13   -0.30    8.04
 g   8  13   29.00    8.04
 l   8  14   -0.21    8.40
 g   8  14   29.09    8.40
 l   8  15    0.64    8.38
 g   8  15   29.94    8.38
 l   8  16    0.21    8.41
 g   8  16   29.51    8.41
 l   8  17   -0.28    8.49
 g   8  17   29.02    8.49
 l   8  18   -0.91    8.30
 g   8  18   28.39    8.30
 l   8  19   -0.24    8.52
 g   8  19   29.06    8.52
 l   8  20    0.93    8.03
 g   8  20   30.23    8.03
 l   8  21    0.64    8.30
 g   8  21   29.94    8.30
 l   8  22    0.65    8.34
 g   8  22   29.95    8.34
 l   8  23    0.66    8.11
 g   8  23   29.96    8.11
 l   8  24    0.15    8.43
 g   8  24   29.45    8.43
 l   8  25   -1.30    8.60
 g   8  25   28.00    8.60
 l   8  26   -0.31    8.37
 g   8  26   28.99    8.37
 l   8  27   -0.27    8.40
 g   8  27   29.03    8.40
 l   8  28    0.68    8.45
 g   8  28   29.98    8.45
 l   8  29    1.00    8.21
 g   8  29   30.30    8.21
 l   8  30    0.21    8.07
 g   8  30   29.51    8.07
 l   8  31   -0.73    7.45
 g   8  31   28.57    7.45
 l   9   0    0.00    0.00
 g   9   0    0.00    0.00
 l   9   1    0.00    0.00
 g   9   1    0.00    0.00
 l   9   2    0.00    0.00
 g   9   2    0.00    0.00
 l   9   3    0.00    0.00
 g   9   3    0.00    0.00
 l   9   4    0.00    0.00
 g   9   4    0.00    0.00
 l   9   5    0.00    0.00
 g   9   5    0.00    0.00
 l   9   6    0.00    0.00
 g   9   6    0.00    0.00
 l   9   7    0.00    0.00
 g   9   7    0.00    0.00
 l   9   8    0.00    0.00
 g   9   8    0.00    0.00
 l   9   9    0.00    0.00
 g   9   9    0.00    0.00
 l   9  10    0.00    0.00
 g   9  10    0.00    0.00
 l   9  11    0.00    0.00
 g   9  11    0.00    0.00
 l   9  12    0.00    0.00
 g   9  12    0.00    0.00
 l   9  13    0.00    0.00
 g   9  13    0.00    0.00
 l   9  14    0.00    0.00
 g   9  14    0.00    0.00
 l   9  15    0.00    0.00
 g   9  15    0.00    0.00
 l   9  16    0.49    8.27
 g   9  16   31.89    8.27
 l   9  17    0.00    0.00
 g   9  17    0.00    0.00
 l   9  18    0.00    0.00
 g   9  18    0.00    0.00
 l   9  19    0.00    0.00
 g   9  19    0.00    0.00
 l   9  20    0.00    0.00
 g   9  20    0.00    0.00
 l   9  21    0.00    0.00
 g   9  21    0.00    0.00
 l   9  22    0.00    0.00
 g   9  22    0.00    0.00
 l   9  23    0.00    0.00
 g   9  23    0.00    0.00
 l   9  24    0.00    0.00
 g   9  24    0.00    0.00
 l   9  25    0.00    0.00
 g   9  25    0.00    0.00
 l   9  26    0.00    0.00
 g   9  26    0.00    0.00
 l   9  27    0.00    0.00
 g   9  27    0.00    0.00
 l   9  28    0.00    0.00
 g   9  28    0.00    0.00
 l   9  29    0.00    0.00
 g   9  29    0.00    0.00
 l   9  30    0.00    0.00
 g   9  30    0.00    0.00
 l   9  31    0.00    0.00
 g   9  31    0.00    0.00
 l  10   0    0.00    0.00
 g  10   0    0.00    0.00
 l  10   1    0.00    0.00
 g  10   1    0.00    0.00
 l  10   2    0.00    0.00
 g  10   2    0.00    0.00
 l  10   3    0.00    0.00
 g  10   3    0.00    0.00
 l  10   4    0.00    0.00
 g  10   4    0.00    0.00
 l  10   5    0.00    0.00
 g  10   5    0.00    0.00
 l  10   6    0.00    0.00
 g  10   6    0.00    0.00
 l  10   7    0.00    0.00
 g  10   7    0.00    0.00
 l  10   8    0.00    0.00
 g  10   8    0.00    0.00
 l  10   9    0.00    0.00
 g  10   9    0.00    0.00
 l  10  10    0.00    0.00
 g  10  10    0.00    0.00
 l  10  11    0.00    0.00
 g  10  11    0.00    0.00
 l  10  12    0.00    0.00
 g  10  12    0.00    0.00
 l  10  13    0.00    0.00
 g  10  13    0.00    0.00
 l  10  14    0.00    0.00
 g  10  14    0.00    0.00
 l  10  15    0.00    0.00
 g  10  15    0.00    0.00
 l  10  16    0.00    0.00
 g  10  16    0.00    0.00
 l  10  17    0.00    0.00
 g  10  17    0.00    0.00
 l  10  18    0.00    0.00
 g  10  18    0.00    0.00
 l  10  19    0.00    0.00
 g  10  19    0.00    0.00
 l  10  20    0.00    0.00
 g  10  20    0.00    0.00
 l  10  21    0.00    0.00
 g  10  21    0.00    0.00
 l  10  22    0.00    0.00
 g  10  22    0.00    0.00
 l  10  23    0.00    0.00
 g  10  23    0.00    0.00
 l  10  24    0.00    0.00
 g  10  24    0.00    0.00
 l  10  25    0.00    0.00
 g  10  25    0.00    0.00
 l  10  26    0.00    0.00
 g  10  26    0.00    0.00
 l  10  27    0.00    0.00
 g  10  27    0.00    0.00
 l  10  28    0.00    0.00
 g  10  28    0.00    0.00
 l  10  29    0.00    0.00
 g  10  29    0.00    0.00
 l  10  30    0.00    0.00
 g  10  30    0.00    0.00
 l  10  31    0.00    0.00
 g  10  31    0.00    0.00
 l  11   0    0.00    0.00
 g  11   0    0.00    0.00
 l  11   1    0.61   -5.92
 g  11   1   16.51   -5.92
 l  11   2    1.89   -7.70
 g  11   2   17.79   -7.70
 l  11   3    1.07   -8.24
 g  11   3   16.97   -8.24
 l  11   4    1.78   -8.26
 g  11   4   17.68   -8.26
 l  11   5    1.75   -8.26
 g  11   5   17.65   -8.26
 l  11   6    1.43   -8.04
 g  11   6   17.33   -8.04
 l  11   7    1.64   -8.20
 g  11   7   17.54   -8.20
 l  11   8    1.94   -7.84
 g  11   8   17.84   -7.84
 l  11   9    2.17   -8.57
 g  11   9   18.07   -8.57
 l  11  10    1.75   -8.57
 g  11  10   17.65   -8.57
 l  11  11    1.77   -8.53
 g  11  11   17.67   -8.53
 l  11  12    1.99   -8.34
 g  11  12   17.89   -8.34
 l  11  13    1.86   -8.39
 g  11  13   17.76   -8.39
 l  11  14    1.62   -8.40
 g  11  14   17.52   -8.40
 l  11  15    1.83   -8.47
 g  11  15   17.73   -8.47
 l  11  16    1.73   -8.41
 g  11  16   17.63   -8.41
 l  11  17    1.80   -8.40
 g  11  17   17.70   -8.40
 l  11  18    1.03   -7.82
 g  11  18   16.93   -7.82
 l  11  19    1.55   -8.62
 g  11  19   17.45   -8.62
 l  11  20    0.80   -8.61
 g  11  20   16.70   -8.61
 l  11  21    1.03   -8.42
 g  11  21   16.93   -8.42
 l  11  22    1.73   -8.39
 g  11  22   17.63   -8.39
 l  11  23    2.04   -8.61
 g  11  23   17.94   -8.61
 l  11  24    2.04   -8.48
 g  11  24   17.94   -8.48
 l  11  25    0.85   -8.35
 g  11  25   16.75   -8.35
 l  11  26    1.14   -8.45
 g  11  26   17.04   -8.45
 l  11  27    1.25   -8.34
 g  11  27   17.15   -8.34
 l  11  28    1.43   -8.67
 g  11  28   17.33   -8.67
 l  11  29    0.88   -8.52
 g  11  29   16.78   -8.52
 l  11  30    0.93   -8.12
 g  11  30   16.83   -8.12
 l  11  31    0.91   -7.51
 g  11  31   16.81   -7.51
 l  12   0    0.00    0.00
 g  12   0    0.00    0.00
 l  12   1   -0.87   -8.21
 g  12   1   74.63   -8.21
 l  12   2   -1.06   -8.28
 g  12   2   74.44   -8.28
 l  12   3   -0.90   -8.47
 g  12   3   74.60   -8.47
 l  12   4   -0.84   -8.40
 g  12   4   74.66   -8.40
 l  12   5   -1.04   -8.55
 g  12   5   74.46   -8.55
 l  12   6   -0.36   -8.70
 g  12   6   75.14   -8.70
 l  12   7   -0.49   -8.69
 g  12   7   75.01   -8.69
 l  12   8   -0.56   -8.51
 g  12   8   74.94   -8.51
 l  12   9   -0.57   -8.59
 g  12   9   74.93   -8.59
 l  12  10   -0.47   -8.45
 g  12  10   75.03   -8.45
 l  12  11   -0.56   -8.56
 g  12  11   74.94   -8.56
 l  12  12    0.39   -8.69
 g  12  12   75.89   -8.69
 l  12  13   -0.89   -8.54
 g  12  13   74.61   -8.54
 l  12  14   -0.54   -8.76
 g  12  14   74.96   -8.76
 l  12  15   -0.50   -8.45
 g  12  15   75.00   -8.45
 l  12  16   -0.28   -8.49
 g  12  16   75.22   -8.49
 l  12  17   -0.40   -8.52
 g  12  17   75.10   -8.52
 l  12  18   -0.32   -8.50
 g  12  18   75.18   -8.50
 l  12  19   -0.02   -8.52
 g  12  19   75.48   -8.52
 l  12  20   -0.03   -8.35
 g  12  20   75.47   -8.35
 l  12  21   -0.77   -8.54
 g  12  21   74.73   -8.54
 l  12  22    0.42   -8.46
 g  12  22   75.92   -8.46
 l  12  23   -0.33   -8.59
 g  12  23   75.17   -8.59
 l  12  24   -0.22   -8.40
 g  12  24   75.28   -8.40
 l  12  25   -0.36   -8.53
 g  12  25   75.14   -8.53
 l  12  26    0.10   -8.59
 g  12  26   75.60   -8.59
 l  12  27    1.16   -8.24
 g  12  27   76.66   -8.24
 l  12  28    0.03   -8.59
 g  12  28   75.53   -8.59
 l  12  29   -0.05   -8.66
 g  12  29   75.45   -8.66
 l  12  30   -0.12   -8.59
 g  12  30   75.38   -8.59
 l  12  31    1.18   -7.56
 g  12  31   76.68   -7.56
 l  13   0    0.00    0.00
 g  13   0    0.00    0.00
 l  13   1    0.00    0.00
 g  13   1    0.00    0.00
 l  13   2    0.00    0.00
 g  13   2    0.00    0.00
 l  13   3    0.00    0.00
 g  13   3    0.00    0.00
 l  13   4    0.00    0.00
 g  13   4    0.00    0.00
 l  13   5    0.00    0.00
 g  13   5    0.00    0.00
 l  13   6    0.00    0.00
 g  13   6    0.00    0.00
 l  13   7    0.00    0.00
 g  13   7    0.00    0.00
 l  13   8    0.00    0.00
 g  13   8    0.00    0.00
 l  13   9    0.00    0.00
 g  13   9    0.00    0.00
 l  13  10    0.00    0.00
 g  13  10    0.00    0.00
 l  13  11    0.00    0.00
 g  13  11    0.00    0.00
 l  13  12    0.00    0.00
 g  13  12    0.00    0.00
 l  13  13    0.00    0.00
 g  13  13    0.00    0.00
 l  13  14    0.00    0.00
 g  13  14    0.00    0.00
 l  13  15    0.00    0.00
 g  13  15    0.00    0.00
 l  13  16    0.00    0.00
 g  13  16    0.00    0.00
 l  13  17    0.00    0.00
 g  13  17    0.00    0.00
 l  13  18    0.00    0.00
 g  13  18    0.00    0.00
 l  13  19    0.00    0.00
 g  13  19    0.00    0.00
 l  13  20    0.00    0.00
 g  13  20    0.00    0.00
 l  13  21    0.00    0.00
 g  13  21    0.00    0.00
 l  13  22    0.00    0.00
 g  13  22    0.00    0.00
 l  13  23    0.00    0.00
 g  13  23    0.00    0.00
 l  13  24    0.00    0.00
 g  13  24    0.00    0.00
 l  13  25    0.00    0.00
 g  13  25    0.00    0.00
 l  13  26    0.00    0.00
 g  13  26    0.00    0.00
 l  13  27    0.00    0.00
 g  13  27    0.00    0.00
 l  13  28    0.00    0.00
 g  13  28    0.00    0.00
 l  13  29    0.00    0.00
 g  13  29    0.00    0.00
 l  13  30    0.00    0.00
 g  13  30    0.00    0.00
 l  13  31    0.00    0.00
 g  13  31    0.00    0.00
 l  14   0    0.00    0.00
 g  14   0    0.00    0.00
 l  14   1    0.00    0.00
 g  14   1    0.00    0.00
 l  14   2    0.00    0.00
 g  14   2    0.00    0.00
 l  14   3    0.00    0.00
 g  14   3    0.00    0.00
 l  14   4    0.00    0.00
 g  14   4    0.00    0.00
 l  14   5    0.00    0.00
 g  14   5    0.00    0.00
 l  14   6    0.00    0.00
 g  14   6    0.00    0.00
 l  14   7    0.00    0.00
 g  14   7    0.00    0.00
 l  14   8    0.00    0.00
 g  14   8    0.00    0.00
 l  14   9   -1.70    8.48
 g  14   9   90.10    8.48
 l  14  10   -2.06    8.57
 g  14  10   89.74    8.57
 l  14  11   -1.36    8.48
 g  14  11   90.44    8.48
 l  14  12   -1.44    8.24
 g  14  12   90.36    8.24
 l  14  13   -1.72    8.65
 g  14  13   90.08    8.65
 l  14  14   -1.83    8.40
 g  14  14   89.97    8.40
 l  14  15   -1.52    8.21
 g  14  15   90.28    8.21
 l  14  16   -1.93    8.59
 g  14  16   89.87    8.59
 l  14  17   -0.93    8.41
 g  14  17   90.87    8.41
 l  14  18   -1.74    8.43
 g  14  18   90.06    8.43
 l  14  19   -1.87    8.52
 g  14  19   89.93    8.52
 l  14  20   -1.58    8.44
 g  14  20   90.22    8.44
 l  14  21   -1.70    8.51
 g  14  21   90.10    8.51
 l  14  22   -1.83    8.58
 g  14  22   89.97    8.58
 l  14  23   -1.61    8.76
 g  14  23   90.19    8.76
 l  14  24   -1.19    7.99
 g  14  24   90.61    7.99
 l  14  25   -1.50    7.88
 g  14  25   90.30    7.88
 l  14  26   -1.72    8.11
 g  14  26   90.08    8.11
 l  14  27   -1.70    8.51
 g  14  27   90.10    8.51
 l  14  28   -1.55    8.16
 g  14  28   90.25    8.16
 l  14  29   -1.56    8.29
 g  14  29   90.24    8.29
 l  14  30   -1.60    7.69
 g  14  30   90.20    7.69
 l  14  31   -1.74    7.76
 g  14  31   90.06    7.76
 l  15   0    0.00    0.00
 g  15   0    0.00    0.00
 l  15   1    0.00    0.00
 g  15   1    0.00    0.00
 l  15   2    0.00    0.00
 g  15   2    0.00    0.00
 l  15   3    0.00    0.00
 g  15   3    0.00    0.00
 l  15   4    0.00    0.00
 g  15   4    0.00    0.00
 l  15   5    0.00    0.00
 g  15   5    0.00    0.00
 l  15   6    0.00    0.00
 g  15   6    0.00    0.00
 l  15   7    0.00    0.00
 g  15   7    0.00    0.00
 l  15   8    0.00    0.00
 g  15   8    0.00    0.00
 l  15   9    0.00    0.00
 g  15   9    0.00    0.00
 l  15  10    0.00    0.00
 g  15  10    0.00    0.00
 l  15  11   -1.09   -8.29
 g  15  11   74.61   -8.29
 l  15  12   -0.99   -8.43
 g  15  12   74.71   -8.43
 l  15  13   -1.12   -8.15
 g  15  13   74.58   -8.15
 l  15  14   -1.38   -8.67
 g  15  14   74.32   -8.67
 l  15  15   -1.05   -8.32
 g  15  15   74.65   -8.32
 l  15  16   -1.25   -8.09
 g  15  16   74.45   -8.09
 l  15  17   -1.04   -8.47
 g  15  17   74.66   -8.47
 l  15  18   -1.36   -8.35
 g  15  18   74.34   -8.35
 l  15  19   -1.57   -8.63
 g  15  19   74.13   -8.63
 l  15  20   -1.34   -8.39
 g  15  20   74.36   -8.39
 l  15  21   -1.06   -8.35
 g  15  21   74.64   -8.35
 l  15  22   -1.25   -8.17
 g  15  22   74.45   -8.17
 l  15  23   -1.65   -8.16
 g  15  23   74.05   -8.16
 l  15  24   -1.42   -8.40
 g  15  24   74.28   -8.40
 l  15  25   -1.52   -8.12
 g  15  25   74.18   -8.12
 l  15  26   -1.76   -8.36
 g  15  26   73.94   -8.36
 l  15  27   -1.11   -7.92
 g  15  27   74.59   -7.92
 l  15  28   -1.39   -8.22
 g  15  28   74.31   -8.22
 l  15  29   -1.42   -8.06
 g  15  29   74.28   -8.06
 l  15  30   -1.33   -8.15
 g  15  30   74.37   -8.15
 l  15  31   -1.59   -7.44
 g  15  31   74.11   -7.44
 l  16   0    0.00    0.00
 g  16   0    0.00    0.00
 l  16   1    0.00    0.00
 g  16   1    0.00    0.00
 l  16   2    0.00    0.00
 g  16   2    0.00    0.00
 l  16   3    0.00    0.00
 g  16   3    0.00    0.00
 l  16   4    0.00    0.00
 g  16   4    0.00    0.00
 l  16   5    0.00    0.00
 g  16   5    0.00    0.00
 l  16   6    0.00    0.00
 g  16   6    0.00    0.00
 l  16   7    0.00    0.00
 g  16   7    0.00    0.00
 l  16   8    0.00    0.00
 g  16   8    0.00    0.00
 l  16   9    0.00    0.00
 g  16   9    0.00    0.00
 l  16  10    0.00    0.00
 g  16  10    0.00    0.00
 l  16  11   -1.72    7.89
 g  16  11   59.88    7.89
 l  16  12   -1.60    8.82
 g  16  12   60.00    8.82
 l  16  13   -2.06    8.63
 g  16  13   59.54    8.63
 l  16  14   -1.54    7.99
 g  16  14   60.06    7.99
 l  16  15   -1.20    7.14
 g  16  15   60.40    7.14
 l  16  16   -1.40    7.67
 g  16  16   60.20    7.67
 l  16  17   -1.63    8.01
 g  16  17   59.97    8.01
 l  16  18   -1.95    8.00
 g  16  18   59.65    8.00
 l  16  19   -2.12    8.83
 g  16  19   59.48    8.83
 l  16  20   -2.31    9.07
 g  16  20   59.29    9.07
 l  16  21   -2.02    8.02
 g  16  21   59.58    8.02
 l  16  22   -2.18    8.11
 g  16  22   59.42    8.11
 l  16  23   -2.66    8.40
 g  16  23   58.94    8.40
 l  16  24   -1.68    8.73
 g  16  24   59.92    8.73
 l  16  25   -2.41    8.32
 g  16  25   59.19    8.32
 l  16  26   -1.61    8.24
 g  16  26   59.99    8.24
 l  16  27   -2.30    8.91
 g  16  27   59.30    8.91
 l  16  28   -1.80    8.32
 g  16  28   59.80    8.32
 l  16  29   -2.27    8.38
 g  16  29   59.33    8.38
 l  16  30   -2.14    7.97
 g  16  30   59.46    7.97
 l  16  31   -1.71    7.17
 g  16  31   59.89    7.17
 l  17   0    0.00    0.00
 g  17   0    0.00    0.00
 l  17   1    0.00    0.00
 g  17   1    0.00    0.00
 l  17   2    0.00    0.00
 g  17   2    0.00    0.00
 l  17   3    0.00    0.00
 g  17   3    0.00    0.00
 l  17   4    0.00    0.00
 g  17   4    0.00    0.00
 l  17   5    0.00    0.00
 g  17   5    0.00    0.00
 l  17   6    0.00    0.00
 g  17   6    0.00    0.00
 l  17   7    0.00    0.00
 g  17   7    0.00    0.00
 l  17   8    0.00    0.00
 g  17   8    0.00    0.00
 l  17   9    0.00    0.00
 g  17   9    0.00    0.00
 l  17  10    0.00    0.00
 g  17  10    0.00    0.00
 l  17  11    0.00    0.00
 g  17  11    0.00    0.00
 l  17  12    0.00    0.00
 g  17  12    0.00    0.00
 l  17  13    0.00    0.00
 g  17  13    0.00    0.00
 l  17  14    0.00    0.00
 g  17  14    0.00    0.00
 l  17  15    0.00    0.00
 g  17  15    0.00    0.00
 l  17  16    0.00    0.00
 g  17  16    0.00    0.00
 l  17  17    0.00    0.00
 g  17  17    0.00    0.00
 l  17  18    0.00    0.00
 g  17  18    0.00    0.00
 l  17  19    0.00    0.00
 g  17  19    0.00    0.00
 l  17  20    0.00    0.00
 g  17  20    0.00    0.00
 l  17  21    0.00    0.00
 g  17  21    0.00    0.00
 l  17  22    0.00    0.00
 g  17  22    0.00    0.00
 l  17  23    0.00    0.00
 g  17  23    0.00    0.00
 l  17  24    0.00    0.00
 g  17  24    0.00    0.00
 l  17  25    0.00    0.00
 g  17  25    0.00    0.00
 l  17  26    0.00    0.00
 g  17  26    0.00    0.00
 l  17  27   -2.26   -9.37
 g  17  27   43.64   -9.37
 l  17  28    8.69    0.23
 g  17  28   54.59    0.23
 l  17  29    3.81   -1.42
 g  17  29   49.71   -1.42
 l  17  30   -0.14   -7.49
 g  17  30   45.76   -7.49
 l  17  31    4.81   -0.20
 g  17  31   50.71   -0.20
 l  18   0    0.00    0.00
 g  18   0    0.00    0.00
 l  18   1    0.00    0.00
 g  18   1    0.00    0.00
 l  18   2    0.00    0.00
 g  18   2    0.00    0.00
 l  18   3    0.00    0.00
 g  18   3    0.00    0.00
 l  18   4    0.00    0.00
 g  18   4    0.00    0.00
 l  18   5    0.00    0.00
 g  18   5    0.00    0.00
 l  18   6    0.00    0.00
 g  18   6    0.00    0.00
 l  18   7    0.00    0.00
 g  18   7    0.00    0.00
 l  18   8    0.00    0.00
 g  18   8    0.00    0.00
 l  18   9    0.00    0.00
 g  18   9    0.00    0.00
 l  18  10    0.00    0.00
 g  18  10    0.00    0.00
 l  18  11    0.00    0.00
 g  18  11    0.00    0.00
 l  18  12   -0.08    8.10
 g  18  12   31.32    8.10
 l  18  13    0.00    0.00
 g  18  13    0.00    0.00
 l  18  14    0.00    0.00
 g  18  14    0.00    0.00
 l  18  15    0.00    0.00
 g  18  15    0.00    0.00
 l  18  16    0.00    0.00
 g  18  16    0.00    0.00
 l  18  17    0.00    0.00
 g  18  17    0.00    0.00
 l  18  18    0.00    0.00
 g  18  18    0.00    0.00
 l  18  19    0.00    0.00
 g  18  19    0.00    0.00
 l  18  20    0.00    0.00
 g  18  20    0.00    0.00
 l  18  21    0.00    0.00
 g  18  21    0.00    0.00
 l  18  22    0.00    0.00
 g  18  22    0.00    0.00
 l  18  23    0.00    0.00
 g  18  23    0.00    0.00
 l  18  24    0.00    0.00
 g  18  24    0.00    0.00
 l  18  25    0.00    0.00
 g  18  25    0.00    0.00
 l  18  26    0.00    0.00
 g  18  26    0.00    0.00
 l  18  27    0.00    0.00
 g  18  27    0.00    0.00
 l  18  28    0.00    0.00
 g  18  28    0.00    0.00
 l  18  29    0.00    0.00
 g  18  29    0.00    0.00
 l  18  30    0.00    0.00
 g  18  30    0.00    0.00
 l  18  31    0.00    0.00
 g  18  31    0.00    0.00
 l  19   0    0.00    0.00
 g  19   0    0.00    0.00
 l  19   1    0.00    0.00
 g  19   1    0.00    0.00
 l  19   2    0.00    0.00
 g  19   2    0.00    0.00
 l  19   3    0.00    0.00
 g  19   3    0.00    0.00
 l  19   4    0.00    0.00
 g  19   4    0.00    0.00
 l  19   5    0.00    0.00
 g  19   5    0.00    0.00
 l  19   6    0.00    0.00
 g  19   6    0.00    0.00
 l  19   7    0.00    0.00
 g  19   7    0.00    0.00
 l  19   8    0.00    0.00
 g  19   8    0.00    0.00
 l  19   9    0.00    0.00
 g  19   9    0.00    0.00
 l  19  10    0.31   -8.82
 g  19  10   16.41   -8.82
 l  19  11    0.00    0.00
 g  19  11    0.00    0.00
 l  19  12    0.42   -9.04
 g  19  12   16.52   -9.04
 l  19  13    0.49   -8.84
 g  19  13   16.59   -8.84
 l  19  14    0.70   -8.88
 g  19  14   16.80   -8.88
 l  19  15    0.17   -9.09
 g  19  15   16.27   -9.09
 l  19  16   -0.06   -8.99
 g  19  16   16.04   -8.99
 l  19  17    0.70   -8.56
 g  19  17   16.80   -8.56
 l  19  18    0.74   -8.64
 g  19  18   16.84   -8.64
 l  19  19    0.75   -9.06
 g  19  19   16.85   -9.06
 l  19  20    0.61   -9.00
 g  19  20   16.71   -9.00
 l  19  21    0.75   -8.60
 g  19  21   16.85   -8.60
 l  19  22    0.48   -8.51
 g  19  22   16.58   -8.51
 l  19  23    0.92   -9.02
 g  19  23   17.02   -9.02
 l  19  24    0.61   -8.52
 g  19  24   16.71   -8.52
 l  19  25    0.40   -9.01
 g  19  25   16.50   -9.01
 l  19  26    0.23   -8.77
 g  19  26   16.33   -8.77
 l  19  27    0.59   -8.57
 g  19  27   16.69   -8.57
 l  19  28    0.43   -8.68
 g  19  28   16.53   -8.68
 l  19  29    0.27   -8.51
 g  19  29   16.37   -8.51
 l  19  30    0.39   -8.56
 g  19  30   16.49   -8.56
 l  19  31    0.83   -8.48
 g  19  31   16.93   -8.48
 l  20   0    0.00    0.00
 g  20   0    0.00    0.00
 l  20   1    0.08    8.96
 g  20   1   -0.82    8.96
 l  20   2    0.37    8.45
 g  20   2   -0.53    8.45
 l  20   3   -0.10    7.65
 g  20   3   -1.00    7.65
 l  20   4    0.31    8.48
 g  20   4   -0.59    8.48
 l  20   5    0.69    8.56
 g  20   5   -0.21    8.56
 l  20   6   -0.43    8.51
 g  20   6   -1.33    8.51
 l  20   7    0.50    8.02
 g  20   7   -0.40    8.02
 l  20   8    0.42    8.29
 g  20   8   -0.48    8.29
 l  20   9    0.07    8.27
 g  20   9   -0.83    8.27
 l  20  10    0.10    8.16
 g  20  10   -0.80    8.16
 l  20  11   -0.32    8.33
 g  20  11   -1.22    8.33
 l  20  12   -0.29    8.61
 g  20  12   -1.19    8.61
 l  20  13    0.35    8.24
 g  20  13   -0.55    8.24
 l  20  14    0.04    8.02
 g  20  14   -0.86    8.02
 l  20  15    0.24    8.54
 g  20  15   -0.66    8.54
 l  20  16    0.45    8.47
 g  20  16   -0.45    8.47
 l  20  17    0.40    8.42
 g  20  17   -0.50    8.42
 l  20  18   -1.58    8.90
 g  20  18   -2.48    8.90
 l  20  19    0.06    7.73
 g  20  19   -0.84    7.73
 l  20  20   -0.15    8.07
 g  20  20   -1.05    8.07
 l  20  21   -1.52    8.27
 g  20  21   -2.42    8.27
 l  20  22    0.41    8.45
 g  20  22   -0.49    8.45
 l  20  23    0.41    8.67
 g  20  23   -0.49    8.67
 l  20  24   -1.15    8.97
 g  20  24   -2.05    8.97
 l  20  25   -0.93    8.59
 g  20  25   -1.83    8.59
 l  20  26   -1.26    8.54
 g  20  26   -2.16    8.54
 l  20  27   -0.27    8.07
 g  20  27   -1.17    8.07
 l  20  28   -0.34    8.04
 g  20  28   -1.24    8.04
 l  20  29   -0.15    8.58
 g  20  29   -1.05    8.58
 l  20  30    0.08    8.64
 g  20  30   -0.82    8.64
 l  20  31   -0.34    8.11
 g  20  31   -1.24    8.11
 l  21   0    0.00    0.00
 g  21   0    0.00    0.00
 l  21   1    0.00    0.00
 g  21   1    0.00    0.00
 l  21   2    0.00    0.00
 g  21   2    0.00    0.00
 l  21   3   -2.69   -9.41
 g  21   3  121.41   -9.41
 l  21   4   -2.32   -8.89
 g  21   4  121.78   -8.89
 l  21   5   -3.48   -9.18
 g  21   5  120.62   -9.18
 l  21   6   -3.11   -9.00
 g  21   6  120.99   -9.00
 l  21   7   -2.37   -9.08
 g  21   7  121.73   -9.08
 l  21   8   -2.29   -9.08
 g  21   8  121.81   -9.08
 l  21   9   -2.42   -9.03
 g  21   9  121.68   -9.03
 l  21  10   -3.32   -8.95
 g  21  10  120.78   -8.95
 l  21  11   -3.36   -9.01
 g  21  11  120.74   -9.01
 l  21  12   -3.15   -8.83
 g  21  12  120.95   -8.83
 l  21  13   -3.73   -8.78
 g  21  13  120.37   -8.78
 l  21  14   -3.15   -8.70
 g  21  14  120.95   -8.70
 l  21  15   -3.53   -8.36
 g  21  15  120.57   -8.36
 l  22   0    0.00    0.00
 g  22   0    0.00    0.00
 l  22   1   -2.85   -8.71
 g  22   1  121.05   -8.71
 l  22   2   -2.52   -9.10
 g  22   2  121.38   -9.10
 l  22   3   -2.29   -8.95
 g  22   3  121.61   -8.95
 l  22   4   -2.19   -9.05
 g  22   4  121.71   -9.05
 l  22   5   -1.93   -9.08
 g  22   5  121.97   -9.08
 l  22   6   -1.92   -9.26
 g  22   6  121.98   -9.26
 l  22   7   -1.97   -9.24
 g  22   7  121.93   -9.24
 l  22   8   -1.73   -9.49
 g  22   8  122.17   -9.49
 l  22   9   -2.02   -9.00
 g  22   9  121.88   -9.00
 l  22  10   -2.38   -8.95
 g  22  10  121.52   -8.95
 l  22  11   -2.66   -8.81
 g  22  11  121.24   -8.81
 l  22  12   -2.63   -8.79
 g  22  12  121.27   -8.79
 l  22  13   -3.12   -8.85
 g  22  13  120.78   -8.85
 l  22  14   -1.79   -8.72
 g  22  14  122.11   -8.72
 l  22  15   -2.75   -8.46
 g  22  15  121.15   -8.46
 l  23   0    0.00    0.00
 g  23   0    0.00    0.00
 l  23   1    0.00    0.00
 g  23   1    0.00    0.00
 l  23   2    0.00    0.00
 g  23   2    0.00    0.00
 l  23   3    0.00    0.00
 g  23   3    0.00    0.00
 l  23   4    0.00    0.00
 g  23   4    0.00    0.00
 l  23   5    0.00    0.00
 g  23   5    0.00    0.00
 l  23   6    0.00    0.00
 g  23   6    0.00    0.00
 l  23   7    0.00    0.00
 g  23   7    0.00    0.00
 l  23   8    0.00    0.00
 g  23   8    0.00    0.00
 l  23   9    0.00    0.00
 g  23   9    0.00    0.00
 l  23  10    0.00    0.00
 g  23  10    0.00    0.00
 l  23  11    0.00    0.00
 g  23  11    0.00    0.00
 l  23  12    0.00    0.00
 g  23  12    0.00    0.00
 l  23  13    0.00    0.00
 g  23  13    0.00    0.00
 l  23  14    0.00    0.00
 g  23  14    0.00    0.00
 l  23  15    0.00    0.00
 g  23  15    0.00    0.00
 l  24   0    0.00    0.00
 g  24   0    0.00    0.00
 l  24   1    0.00    0.00
 g  24   1    0.00    0.00
 l  24   2    0.00    0.00
 g  24   2    0.00    0.00
 l  24   3    0.00    0.00
 g  24   3    0.00    0.00
 l  24   4    0.00    0.00
 g  24   4    0.00    0.00
 l  24   5    0.00    0.00
 g  24   5    0.00    0.00
 l  24   6    0.00    0.00
 g  24   6    0.00    0.00
 l  24   7    0.00    0.00
 g  24   7    0.00    0.00
 l  24   8    0.00    0.00
 g  24   8    0.00    0.00
 l  24   9    0.00    0.00
 g  24   9    0.00    0.00
 l  24  10    0.00    0.00
 g  24  10    0.00    0.00
 l  24  11    0.00    0.00
 g  24  11    0.00    0.00
 l  24  12    0.00    0.00
 g  24  12    0.00    0.00
 l  24  13    0.00    0.00
 g  24  13    0.00    0.00
 l  24  14    0.00    0.00
 g  24  14    0.00    0.00
 l  24  15    0.00    0.00
 g  24  15    0.00    0.00
 l  24  16    0.00    0.00
 g  24  16    0.00    0.00
 l  24  17    0.00    0.00
 g  24  17    0.00    0.00
 l  24  18    0.00    0.00
 g  24  18    0.00    0.00
 l  24  19    0.00    0.00
 g  24  19    0.00    0.00
 l  24  20    0.00    0.00
 g  24  20    0.00    0.00
 l  24  21    0.00    0.00
 g  24  21    0.00    0.00
 l  24  22    0.00    0.00
 g  24  22    0.00    0.00
 l  24  23    0.00    0.00
 g  24  23    0.00    0.00
 l  24  24    0.00    0.00
 g  24  24    0.00    0.00
 l  24  25    0.00    0.00
 g  24  25    0.00    0.00
 l  24  26    0.00    0.00
 g  24  26    0.00    0.00
 l  24  27    0.00    0.00
 g  24  27    0.00    0.00
 l  24  28    0.00    0.00
 g  24  28    0.00    0.00
 l  24  29    0.00    0.00
 g  24  29    0.00    0.00
 l  24  30    0.00    0.00
 g  24  30    0.00    0.00
 l  24  31    0.00    0.00
 g  24  31    0.00    0.00
 l  25   0    0.00    0.00
 g  25   0    0.00    0.00
 l  25   1    0.20    8.32
 g  25   1  -29.80    8.32
 l  25   2   -0.04    8.33
 g  25   2  -30.04    8.33
 l  25   3   -0.98    8.51
 g  25   3  -30.98    8.51
 l  25   4   -0.36    8.61
 g  25   4  -30.36    8.61
 l  25   5    0.34    8.45
 g  25   5  -29.66    8.45
 l  25   6    0.34    8.16
 g  25   6  -29.66    8.16
 l  25   7   -0.35    8.62
 g  25   7  -30.35    8.62
 l  25   8   -1.00    8.45
 g  25   8  -31.00    8.45
 l  25   9   -0.26    8.75
 g  25   9  -30.26    8.75
 l  25  10    0.00    0.00
 g  25  10    0.00    0.00
 l  25  11   -0.03    8.89
 g  25  11  -30.03    8.89
 l  25  12   -0.79    8.64
 g  25  12  -30.79    8.64
 l  25  13   -0.76    8.65
 g  25  13  -30.76    8.65
 l  25  14   -0.77    8.73
 g  25  14  -30.77    8.73
 l  25  15    0.36    8.88
 g  25  15  -29.64    8.88
 l  25  16   -0.33    8.02
 g  25  16  -30.33    8.02
 l  25  17   -0.54    8.76
 g  25  17  -30.54    8.76
 l  25  18   -0.04    8.66
 g  25  18  -30.04    8.66
 l  25  19   -0.32    8.70
 g  25  19  -30.32    8.70
 l  25  20   -0.32    8.45
 g  25  20  -30.32    8.45
 l  25  21    0.07    8.44
 g  25  21  -29.93    8.44
 l  25  22    0.55    8.47
 g  25  22  -29.45    8.47
 l  25  23    0.73    8.60
 g  25  23  -29.27    8.60
 l  25  24   -0.85    8.59
 g  25  24  -30.85    8.59
 l  25  25   -0.23    8.21
 g  25  25  -30.23    8.21
 l  25  26    0.87    8.53
 g  25  26  -29.13    8.53
 l  25  27    0.45    8.26
 g  25  27  -29.55    8.26
 l  25  28   -0.03    8.37
 g  25  28  -30.03    8.37
 l  25  29    0.08    8.32
 g  25  29  -29.92    8.32
 l  25  30   -0.40    8.29
 g  25  30  -30.40    8.29
 l  25  31   -0.32    8.08
 g  25  31  -30.32    8.08
 l  26   0    0.00    0.00
 g  26   0    0.00    0.00
 l  26   1    0.00    0.00
 g  26   1    0.00    0.00
 l  26   2    0.00    0.00
 g  26   2    0.00    0.00
 l  26   3    0.00    0.00
 g  26   3    0.00    0.00
 l  26   4    0.00    0.00
 g  26   4    0.00    0.00
 l  26   5    0.00    0.00
 g  26   5    0.00    0.00
 l  26   6    0.00    0.00
 g  26   6    0.00    0.00
 l  26   7    0.00    0.00
 g  26   7    0.00    0.00
 l  26   8    0.00    0.00
 g  26   8    0.00    0.00
 l  26   9    0.00    0.00
 g  26   9    0.00    0.00
 l  26  10    0.00    0.00
 g  26  10    0.00    0.00
 l  26  11    0.00    0.00
 g  26  11    0.00    0.00
 l  26  12    0.00    0.00
 g  26  12    0.00    0.00
 l  26  13    0.00    0.00
 g  26  13    0.00    0.00
 l  26  14    0.00    0.00
 g  26  14    0.00    0.00
 l  26  15    0.00    0.00
 g  26  15    0.00    0.00
 l  26  16    0.00    0.00
 g  26  16    0.00    0.00
 l  26  17    0.00    0.00
 g  26  17    0.00    0.00
 l  26  18    0.00    0.00
 g  26  18    0.00    0.00
 l  26  19    0.00    0.00
 g  26  19    0.00    0.00
 l  26  20    0.00    0.00
 g  26  20    0.00    0.00
 l  26  21    0.00    0.00
 g  26  21    0.00    0.00
 l  26  22    0.00    0.00
 g  26  22    0.00    0.00
 l  26  23    0.00    0.00
 g  26  23    0.00    0.00
 l  26  24    0.00    0.00
 g  26  24    0.00    0.00
 l  26  25    0.00    0.00
 g  26  25    0.00    0.00
 l  26  26    0.00    0.00
 g  26  26    0.00    0.00
 l  26  27    0.00    0.00
 g  26  27    0.00    0.00
 l  26  28    0.00    0.00
 g  26  28    0.00    0.00
 l  26  29    0.00    0.00
 g  26  29    0.00    0.00
 l  26  30    0.00    0.00
 g  26  30    0.00    0.00
 l  26  31    0.00    0.00
 g  26  31    0.00    0.00
 l  27   0    0.00    0.00
 g  27   0    0.00    0.00
 l  27   1   -0.59    7.72
 g  27   1  -60.79    7.72
 l  27   2   -0.17    8.43
 g  27   2  -60.37    8.43
 l  27   3   -0.11    8.28
 g  27   3  -60.31    8.28
 l  27   4   -0.09    7.89
 g  27   4  -60.29    7.89
 l  27   5    0.41    8.47
 g  27   5  -59.79    8.47
 l  27   6   -1.28    8.38
 g  27   6  -61.48    8.38
 l  27   7   -0.42    8.22
 g  27   7  -60.62    8.22
 l  27   8   -0.39    8.37
 g  27   8  -60.59    8.37
 l  27   9   -1.09    8.60
 g  27   9  -61.29    8.60
 l  27  10   -0.07    8.44
 g  27  10  -60.27    8.44
 l  27  11   -1.35    8.75
 g  27  11  -61.55    8.75
 l  27  12   -1.08    8.40
 g  27  12  -61.28    8.40
 l  27  13   -0.86    8.44
 g  27  13  -61.06    8.44
 l  27  14   -1.40    8.73
 g  27  14  -61.60    8.73
 l  27  15   -0.13    8.48
 g  27  15  -60.33    8.48
 l  27  16   -0.48    8.67
 g  27  16  -60.68    8.67
 l  27  17    0.94    8.27
 g  27  17  -59.26    8.27
 l  27  18    0.65    8.10
 g  27  18  -59.55    8.10
 l  27  19   -0.14    9.18
 g  27  19  -60.34    9.18
 l  27  20   -0.54    8.50
 g  27  20  -60.74    8.50
 l  27  21    0.15    7.71
 g  27  21  -60.05    7.71
 l  27  22   -0.22    8.23
 g  27  22  -60.42    8.23
 l  27  23   -1.12    8.29
 g  27  23  -61.32    8.29
 l  27  24    0.01    8.18
 g  27  24  -60.19    8.18
 l  27  25   -1.50    8.51
 g  27  25  -61.70    8.51
 l  27  26   -0.78    8.38
 g  27  26  -60.98    8.38
 l  27  27   -0.25    8.17
 g  27  27  -60.45    8.17
 l  27  28    0.21    8.56
 g  27  28  -59.99    8.56
 l  27  29    0.00    0.00
 g  27  29    0.00    0.00
 l  27  30   -0.46    8.90
 g  27  30  -60.66    8.90
 l  27  31   -0.99    8.25
 g  27  31  -61.19    8.25
 l  28   0    0.00    0.00
 g  28   0    0.00    0.00
 l  28   1    0.00    0.00
 g  28   1    0.00    0.00
 l  28   2    0.00    0.00
 g  28   2    0.00    0.00
 l  28   3    0.00    0.00
 g  28   3    0.00    0.00
 l  28   4    0.00    0.00
 g  28   4    0.00    0.00
 l  28   5    0.00    0.00
 g  28   5    0.00    0.00
 l  28   6    0.00    0.00
 g  28   6    0.00    0.00
 l  28   7    0.00    0.00
 g  28   7    0.00    0.00
 l  28   8    0.00    0.00
 g  28   8    0.00    0.00
 l  28   9    0.00    0.00
 g  28   9    0.00    0.00
 l  28  10    0.00    0.00
 g  28  10    0.00    0.00
 l  28  11    0.00    0.00
 g  28  11    0.00    0.00
 l  28  12    0.00    0.00
 g  28  12    0.00    0.00
 l  28  13    0.00    0.00
 g  28  13    0.00    0.00
 l  28  14    0.00    0.00
 g  28  14    0.00    0.00
 l  28  15    0.00    0.00
 g  28  15    0.00    0.00
 l  28  16    0.00    0.00
 g  28  16    0.00    0.00
 l  28  17    0.00    0.00
 g  28  17    0.00    0.00
 l  28  18    0.00    0.00
 g  28  18    0.00    0.00
 l  28  19    0.00    0.00
 g  28  19    0.00    0.00
 l  28  20    0.00    0.00
 g  28  20    0.00    0.00
 l  28  21    0.00    0.00
 g  28  21    0.00    0.00
 l  28  22    0.00    0.00
 g  28  22    0.00    0.00
 l  28  23    0.00    0.00
 g  28  23    0.00    0.00
 l  28  24    0.00    0.00
 g  28  24    0.00    0.00
 l  28  25    0.00    0.00
 g  28  25    0.00    0.00
 l  28  26    0.00    0.00
 g  28  26    0.00    0.00
 l  28  27    0.00    0.00
 g  28  27    0.00    0.00
 l  28  28    0.00    0.00
 g  28  28    0.00    0.00
 l  28  29    0.00    0.00
 g  28  29    0.00    0.00
 l  28  30    0.00    0.00
 g  28  30    0.00    0.00
 l  28  31    0.00    0.00
 g  28  31    0.00    0.00
 l  29   0    0.00    0.00
 g  29   0    0.00    0.00
 l  29   1   -0.49    7.84
 g  29   1  -90.89    7.84
 l  29   2   -0.04    8.42
 g  29   2  -90.44    8.42
 l  29   3   -1.57    8.53
 g  29   3  -91.97    8.53
 l  29   4   -0.97    8.17
 g  29   4  -91.37    8.17
 l  29   5   -0.48    7.90
 g  29   5  -90.88    7.90
 l  29   6    0.01    8.78
 g  29   6  -90.39    8.78
 l  29   7   -0.16    7.83
 g  29   7  -90.56    7.83
 l  29   8   -0.57    8.66
 g  29   8  -90.97    8.66
 l  29   9   -2.76    8.42
 g  29   9  -93.16    8.42
 l  29  10   -0.92    8.71
 g  29  10  -91.32    8.71
 l  29  11   -1.01    8.15
 g  29  11  -91.41    8.15
 l  29  12   -2.86    8.06
 g  29  12  -93.26    8.06
 l  29  13   -0.83    8.24
 g  29  13  -91.23    8.24
 l  29  14   -1.02    8.81
 g  29  14  -91.42    8.81
 l  29  15   -2.08    9.17
 g  29  15  -92.48    9.17
 l  29  16   -1.19    7.85
 g  29  16  -91.59    7.85
 l  29  17   -1.85    8.38
 g  29  17  -92.25    8.38
 l  29  18   -0.72    9.43
 g  29  18  -91.12    9.43
 l  29  19   -0.69    8.73
 g  29  19  -91.09    8.73
 l  29  20   -1.60    9.00
 g  29  20  -92.00    9.00
 l  29  21   -0.24    8.49
 g  29  21  -90.64    8.49
 l  29  22    0.33    9.00
 g  29  22  -90.07    9.00
 l  29  23   -0.67    8.98
 g  29  23  -91.07    8.98
 l  29  24   -0.21    9.16
 g  29  24  -90.61    9.16
 l  29  25   -1.90    8.95
 g  29  25  -92.30    8.95
 l  29  26   -0.86    9.05
 g  29  26  -91.26    9.05
 l  29  27    0.00    0.00
 g  29  27    0.00    0.00
 l  29  28   -1.27    8.25
 g  29  28  -91.67    8.25
 l  29  29   -0.85    8.76
 g  29  29  -91.25    8.76
 l  29  30    0.00    0.00
 g  29  30    0.00    0.00
 l  29  31   -2.78    7.95
 g  29  31  -93.18    7.95
 l  30   0    0.00    0.00
 g  30   0    0.00    0.00
 l  30   1    0.00    0.00
 g  30   1    0.00    0.00
 l  30   2    0.00    0.00
 g  30   2    0.00    0.00
 l  30   3    0.00    0.00
 g  30   3    0.00    0.00
 l  30   4    0.00    0.00
 g  30   4    0.00    0.00
 l  30   5    0.00    0.00
 g  30   5    0.00    0.00
 l  30   6    0.00    0.00
 g  30   6    0.00    0.00
 l  30   7    0.00    0.00
 g  30   7    0.00    0.00
 l  30   8    0.00    0.00
 g  30   8    0.00    0.00
 l  30   9    0.00    0.00
 g  30   9    0.00    0.00
 l  30  10    0.00    0.00
 g  30  10    0.00    0.00
 l  30  11    0.00    0.00
 g  30  11    0.00    0.00
 l  30  12    0.00    0.00
 g  30  12    0.00    0.00
 l  30  13    0.00    0.00
 g  30  13    0.00    0.00
 l  30  14    0.00    0.00
 g  30  14    0.00    0.00
 l  30  15    0.00    0.00
 g  30  15    0.00    0.00
 l  30  16    0.00    0.00
 g  30  16    0.00    0.00
 l  30  17    0.00    0.00
 g  30  17    0.00    0.00
 l  30  18    0.00    0.00
 g  30  18    0.00    0.00
 l  30  19    0.00    0.00
 g  30  19    0.00    0.00
 l  30  20    0.00    0.00
 g  30  20    0.00    0.00
 l  30  21    0.00    0.00
 g  30  21    0.00    0.00
 l  30  22    0.00    0.00
 g  30  22    0.00    0.00
 l  30  23    0.00    0.00
 g  30  23    0.00    0.00
 l  30  24    0.00    0.00
 g  30  24    0.00    0.00
 l  30  25    0.00    0.00
 g  30  25    0.00    0.00
 l  30  26    0.00    0.00
 g  30  26    0.00    0.00
 l  30  27    0.00    0.00
 g  30  27    0.00    0.00
 l  30  28    0.00    0.00
 g  30  28    0.00    0.00
 l  30  29    0.00    0.00
 g  30  29    0.00    0.00
 l  30  30    0.00    0.00
 g  30  30    0.00    0.00
 l  30  31    0.00    0.00
 g  30  31    0.00    0.00
 l  31   0    0.00    0.00
 g  31   0    0.00    0.00
 l  31   1   -1.33   -6.84
 g  31   1  -14.23   -6.84
 l  31   2    0.63   -8.39
 g  31   2  -12.27   -8.39
 l  31   3   -0.17   -8.63
 g  31   3  -13.07   -8.63
 l  31   4   -0.01   -8.47
 g  31   4  -12.91   -8.47
 l  31   5    0.30   -8.47
 g  31   5  -12.60   -8.47
 l  31   6    0.29   -8.40
 g  31   6  -12.61   -8.40
 l  31   7   -0.07   -8.52
 g  31   7  -12.97   -8.52
 l  31   8    0.21   -8.45
 g  31   8  -12.69   -8.45
 l  31   9    0.48   -8.43
 g  31   9  -12.42   -8.43
 l  31  10   -0.25   -8.76
 g  31  10  -13.15   -8.76
 l  31  11    0.43   -8.68
 g  31  11  -12.47   -8.68
 l  31  12   -0.14   -8.49
 g  31  12  -13.04   -8.49
 l  31  13    0.43   -8.51
 g  31  13  -12.47   -8.51
 l  31  14    0.23   -8.50
 g  31  14  -12.67   -8.50
 l  31  15   -0.19   -8.37
 g  31  15  -13.09   -8.37
 l  31  16   -0.00   -8.31
 g  31  16  -12.90   -8.31
 l  31  17   -0.10   -8.62
 g  31  17  -13.00   -8.62
 l  31  18    0.34   -8.47
 g  31  18  -12.56   -8.47
 l  31  19    0.32   -8.41
 g  31  19  -12.58   -8.41
 l  31  20   -0.31   -8.79
 g  31  20  -13.21   -8.79
 l  31  21    0.52   -8.61
 g  31  21  -12.38   -8.61
 l  31  22   -0.40   -8.52
 g  31  22  -13.30   -8.52
 l  31  23   -0.05   -8.38
 g  31  23  -12.95   -8.38
 l  31  24    0.12   -8.45
 g  31  24  -12.78   -8.45
 l  31  25   -0.40   -8.31
 g  31  25  -13.30   -8.31
 l  31  26    0.52   -8.64
 g  31  26  -12.38   -8.64
 l  31  27    0.11   -8.52
 g  31  27  -12.79   -8.52
 l  31  28    0.23   -8.65
 g  31  28  -12.67   -8.65
 l  31  29    1.00   -8.57
 g  31  29  -11.90   -8.57
 l  31  30    0.08   -8.38
 g  31  30  -12.82   -8.38
 l  31  31    0.09   -8.39
 g  31  31  -12.81   -8.39
 l  32   0    0.00    0.00
 g  32   0    0.00    0.00
 l  32   1    0.00    0.00
 g  32   1    0.00    0.00
 l  32   2    0.00    0.00
 g  32   2    0.00    0.00
 l  32   3    0.00    0.00
 g  32   3    0.00    0.00
 l  32   4    0.00    0.00
 g  32   4    0.00    0.00
 l  32   5    0.00    0.00
 g  32   5    0.00    0.00
 l  32   6    0.00    0.00
 g  32   6    0.00    0.00
 l  32   7    0.00    0.00
 g  32   7    0.00    0.00
 l  32   8    0.00    0.00
 g  32   8    0.00    0.00
 l  32   9    0.00    0.00
 g  32   9    0.00    0.00
 l  32  10    0.00    0.00
 g  32  10    0.00    0.00
 l  32  11    0.00    0.00
 g  32  11    0.00    0.00
 l  32  12    0.00    0.00
 g  32  12    0.00    0.00
 l  32  13    0.00    0.00
 g  32  13    0.00    0.00
 l  32  14    0.00    0.00
 g  32  14    0.00    0.00
 l  32  15    0.00    0.00
 g  32  15    0.00    0.00
 l  32  16    0.00    0.00
 g  32  16    0.00    0.00
 l  32  17    0.00    0.00
 g  32  17    0.00    0.00
 l  32  18    0.00    0.00
 g  32  18    0.00    0.00
 l  32  19    0.00    0.00
 g  32  19    0.00    0.00
 l  32  20    0.00    0.00
 g  32  20    0.00    0.00
 l  32  21    0.00    0.00
 g  32  21    0.00    0.00
 l  32  22    0.00    0.00
 g  32  22    0.00    0.00
 l  32  23    0.00    0.00
 g  32  23    0.00    0.00
 l  32  24    0.00    0.00
 g  32  24    0.00    0.00
 l  32  25    0.00    0.00
 g  32  25    0.00    0.00
 l  32  26    0.00    0.00
 g  32  26    0.00    0.00
 l  32  27    0.00    0.00
 g  32  27    0.00    0.00
 l  32  28    0.00    0.00
 g  32  28    0.00    0.00
 l  32  29    0.00    0.00
 g  32  29    0.00    0.00
 l  32  30    0.00    0.00
 g  32  30    0.00    0.00
 l  32  31    0.00    0.00
 g  32  31    0.00    0.00
 l  33   0    0.00    0.00
 g  33   0    0.00    0.00
 l  33   1   -0.79   -8.18
 g  33   1  -43.49   -8.18
 l  33   2    0.17   -8.48
 g  33   2  -42.53   -8.48
 l  33   3   -0.73   -8.39
 g  33   3  -43.43   -8.39
 l  33   4   -0.76   -8.61
 g  33   4  -43.46   -8.61
 l  33   5   -1.73   -7.81
 g  33   5  -44.43   -7.81
 l  33   6    0.25   -8.56
 g  33   6  -42.45   -8.56
 l  33   7    0.10   -8.25
 g  33   7  -42.60   -8.25
 l  33   8   -0.37   -8.66
 g  33   8  -43.07   -8.66
 l  33   9   -0.10   -8.52
 g  33   9  -42.80   -8.52
 l  33  10   -1.21   -8.39
 g  33  10  -43.91   -8.39
 l  33  11   -0.30   -8.37
 g  33  11  -43.00   -8.37
 l  33  12   -0.09   -8.58
 g  33  12  -42.79   -8.58
 l  33  13   -1.95   -8.37
 g  33  13  -44.65   -8.37
 l  33  14   -0.88   -8.23
 g  33  14  -43.58   -8.23
 l  33  15    0.38   -8.48
 g  33  15  -42.32   -8.48
 l  33  16    0.11   -8.66
 g  33  16  -42.59   -8.66
 l  33  17   -1.53   -8.17
 g  33  17  -44.23   -8.17
 l  33  18   -0.58   -8.34
 g  33  18  -43.28   -8.34
 l  33  19   -0.26   -8.42
 g  33  19  -42.96   -8.42
 l  33  20    0.45   -8.49
 g  33  20  -42.25   -8.49
 l  33  21   -0.29   -7.95
 g  33  21  -42.99   -7.95
 l  33  22   -1.59   -8.32
 g  33  22  -44.29   -8.32
 l  33  23   -1.22   -8.67
 g  33  23  -43.92   -8.67
 l  33  24   -1.12   -8.48
 g  33  24  -43.82   -8.48
 l  33  25   -0.24   -8.69
 g  33  25  -42.94   -8.69
 l  33  26   -1.38   -8.38
 g  33  26  -44.08   -8.38
 l  33  27    0.08   -8.88
 g  33  27  -42.62   -8.88
 l  33  28   -0.76   -8.45
 g  33  28  -43.46   -8.45
 l  33  29   -0.30   -8.30
 g  33  29  -43.00   -8.30
 l  33  30   -1.61   -8.28
 g  33  30  -44.31   -8.28
 l  33  31    0.37   -8.41
 g  33  31  -42.33   -8.41
 l  34   0    0.00    0.00
 g  34   0    0.00    0.00
 l  34   1    0.00    0.00
 g  34   1    0.00    0.00
 l  34   2    0.00    0.00
 g  34   2    0.00    0.00
 l  34   3    0.00    0.00
 g  34   3    0.00    0.00
 l  34   4    0.00    0.00
 g  34   4    0.00    0.00
 l  34   5    0.00    0.00
 g  34   5    0.00    0.00
 l  34   6    0.00    0.00
 g  34   6    0.00    0.00
 l  34   7    0.00    0.00
 g  34   7    0.00    0.00
 l  34   8    0.00    0.00
 g  34   8    0.00    0.00
 l  34   9    0.00    0.00
 g  34   9    0.00    0.00
 l  34  10    0.00    0.00
 g  34  10    0.00    0.00
 l  34  11    0.00    0.00
 g  34  11    0.00    0.00
 l  34  12    0.00    0.00
 g  34  12    0.00    0.00
 l  34  13    0.00    0.00
 g  34  13    0.00    0.00
 l  34  14    0.00    0.00
 g  34  14    0.00    0.00
 l  34  15    0.00    0.00
 g  34  15    0.00    0.00
 l  34  16    0.00    0.00
 g  34  16    0.00    0.00
 l  34  17    0.00    0.00
 g  34  17    0.00    0.00
 l  34  18    0.00    0.00
 g  34  18    0.00    0.00
 l  34  19    0.00    0.00
 g  34  19    0.00    0.00
 l  34  20    0.00    0.00
 g  34  20    0.00    0.00
 l  34  21    0.00    0.00
 g  34  21    0.00    0.00
 l  34  22    0.00    0.00
 g  34  22    0.00    0.00
 l  34  23    0.00    0.00
 g  34  23    0.00    0.00
 l  34  24    0.00    0.00
 g  34  24    0.00    0.00
 l  34  25    0.00    0.00
 g  34  25    0.00    0.00
 l  34  26    0.00    0.00
 g  34  26    0.00    0.00
 l  34  27    0.00    0.00
 g  34  27    0.00    0.00
 l  34  28    0.00    0.00
 g  34  28    0.00    0.00
 l  34  29    0.00    0.00
 g  34  29    0.00    0.00
 l  34  30    0.00    0.00
 g  34  30    0.00    0.00
 l  34  31    0.00    0.00
 g  34  31    0.00    0.00
 l  35   0    0.00    0.00
 g  35   0    0.00    0.00
 l  35   1   -1.64   -7.89
 g  35   1  -74.04   -7.89
 l  35   2   -0.15   -8.18
 g  35   2  -72.55   -8.18
 l  35   3   -1.25   -8.29
 g  35   3  -73.65   -8.29
 l  35   4   -0.24   -8.44
 g  35   4  -72.64   -8.44
 l  35   5   -0.49   -9.11
 g  35   5  -72.89   -9.11
 l  35   6   -1.29   -8.49
 g  35   6  -73.69   -8.49
 l  35   7   -0.58   -8.96
 g  35   7  -72.98   -8.96
 l  35   8   -0.71   -7.94
 g  35   8  -73.11   -7.94
 l  35   9   -1.58   -8.48
 g  35   9  -73.98   -8.48
 l  35  10   -0.55   -8.76
 g  35  10  -72.95   -8.76
 l  35  11   -0.94   -8.59
 g  35  11  -73.34   -8.59
 l  35  12    0.06   -8.66
 g  35  12  -72.34   -8.66
 l  35  13   -0.77   -9.08
 g  35  13  -73.17   -9.08
 l  35  14   -0.98   -8.77
 g  35  14  -73.38   -8.77
 l  35  15   -0.41   -8.41
 g  35  15  -72.81   -8.41
 l  35  16    0.08   -9.32
 g  35  16  -72.32   -9.32
 l  35  17   -0.74   -8.84
 g  35  17  -73.14   -8.84
 l  35  18   -1.02   -8.69
 g  35  18  -73.42   -8.69
 l  35  19   -1.56   -7.62
 g  35  19  -73.96   -7.62
 l  35  20    0.30   -8.31
 g  35  20  -72.10   -8.31
 l  35  21    0.05   -7.70
 g  35  21  -72.35   -7.70
 l  35  22   -0.85   -8.66
 g  35  22  -73.25   -8.66
 l  35  23   -0.03   -8.62
 g  35  23  -72.43   -8.62
 l  35  24   -1.19   -8.54
 g  35  24  -73.59   -8.54
 l  35  25   -0.76   -8.61
 g  35  25  -73.16   -8.61
 l  35  26   -1.80   -8.77
 g  35  26  -74.20   -8.77
 l  35  27   -0.77   -8.79
 g  35  27  -73.17   -8.79
 l  35  28    0.46   -8.48
 g  35  28  -71.94   -8.48
 l  35  29   -2.90   -8.67
 g  35  29  -75.30   -8.67
 l  35  30    0.00    0.00
 g  35  30    0.00    0.00
 l  35  31   -0.33   -7.41
 g  35  31  -72.73   -7.41
 l  36   0    0.00    0.00
 g  36   0    0.00    0.00
 l  36   1    0.00    0.00
 g  36   1    0.00    0.00
 l  36   2    0.00    0.00
 g  36   2    0.00    0.00
 l  36   3    0.00    0.00
 g  36   3    0.00    0.00
 l  36   4    0.00    0.00
 g  36   4    0.00    0.00
 l  36   5    0.00    0.00
 g  36   5    0.00    0.00
 l  36   6    0.00    0.00
 g  36   6    0.00    0.00
 l  36   7    0.00    0.00
 g  36   7    0.00    0.00
 l  36   8    0.00    0.00
 g  36   8    0.00    0.00
 l  36   9    0.00    0.00
 g  36   9    0.00    0.00
 l  36  10   -0.89   -8.51
 g  36  10  -28.79   -8.51
 l  36  11   -1.12   -8.76
 g  36  11  -29.02   -8.76
 l  36  12   -1.60   -8.38
 g  36  12  -29.50   -8.38
 l  36  13   -1.72   -9.09
 g  36  13  -29.62   -9.09
 l  36  14   -1.51   -8.40
 g  36  14  -29.41   -8.40
 l  36  15   -1.80   -8.70
 g  36  15  -29.70   -8.70
 l  36  16    0.58   -8.59
 g  36  16  -27.32   -8.59
 l  36  17    1.25   -8.29
 g  36  17  -26.65   -8.29
 l  36  18    2.49   -9.13
 g  36  18  -25.41   -9.13
 l  36  19    2.76   -9.20
 g  36  19  -25.14   -9.20
 l  36  20    1.84   -9.42
 g  36  20  -26.06   -9.42
 l  36  21    0.00    0.00
 g  36  21    0.00    0.00
 l  36  22    2.92   -8.47
 g  36  22  -24.98   -8.47
 l  36  23    2.02   -9.01
 g  36  23  -25.88   -9.01
 l  36  24   -0.82   -8.78
 g  36  24  -28.72   -8.78
 l  36  25   -0.35   -9.05
 g  36  25  -28.25   -9.05
 l  36  26    0.36   -9.11
 g  36  26  -27.54   -9.11
 l  36  27   -2.20   -8.90
 g  36  27  -30.10   -8.90
 l  36  28   -1.11   -9.03
 g  36  28  -29.01   -9.03
 l  36  29   -0.65   -8.47
 g  36  29  -28.55   -8.47
 l  36  30   -1.32   -8.41
 g  36  30  -29.22   -8.41
 l  36  31   -0.85   -8.50
 g  36  31  -28.75   -8.50
 l  37   0    0.00    0.00
 g  37   0    0.00    0.00
 l  37   1    0.00    0.00
 g  37   1    0.00    0.00
 l  37   2    0.00    0.00
 g  37   2    0.00    0.00
 l  37   3    0.00    0.00
 g  37   3    0.00    0.00
 l  37   4    0.00    0.00
 g  37   4    0.00    0.00
 l  37   5    0.00    0.00
 g  37   5    0.00    0.00
 l  37   6    0.00    0.00
 g  37   6    0.00    0.00
 l  37   7    0.00    0.00
 g  37   7    0.00    0.00
 l  37   8    0.00    0.00
 g  37   8    0.00    0.00
 l  37   9    0.00    0.00
 g  37   9    0.00    0.00
 l  37  10    0.00    0.00
 g  37  10    0.00    0.00
 l  37  11    0.00    0.00
 g  37  11    0.00    0.00
 l  37  12   -0.22   -8.48
 g  37  12  -57.92   -8.48
 l  37  13   -0.76   -8.09
 g  37  13  -58.46   -8.09
 l  37  14   -0.87   -9.07
 g  37  14  -58.57   -9.07
 l  37  15   -1.09   -8.70
 g  37  15  -58.79   -8.70
 l  37  16   -2.21   -7.88
 g  37  16  -59.91   -7.88
 l  37  17   -0.87   -8.46
 g  37  17  -58.57   -8.46
 l  37  18   -0.40   -8.44
 g  37  18  -58.10   -8.44
 l  37  19   -0.55   -8.65
 g  37  19  -58.25   -8.65
 l  37  20   -0.34   -8.74
 g  37  20  -58.04   -8.74
 l  37  21   -0.19   -8.71
 g  37  21  -57.89   -8.71
 l  37  22    0.05   -8.17
 g  37  22  -57.65   -8.17
 l  37  23   -0.65   -8.27
 g  37  23  -58.35   -8.27
 l  37  24   -0.94   -8.60
 g  37  24  -58.64   -8.60
 l  37  25   -0.34   -8.15
 g  37  25  -58.04   -8.15
 l  37  26   -0.34   -9.06
 g  37  26  -58.04   -9.06
 l  37  27   -2.25   -8.77
 g  37  27  -59.95   -8.77
 l  37  28   -1.59   -7.92
 g  37  28  -59.29   -7.92
 l  37  29   -0.96   -7.74
 g  37  29  -58.66   -7.74
 l  37  30   -0.67   -8.85
 g  37  30  -58.37   -8.85
 l  37  31   -1.32   -9.10
 g  37  31  -59.02   -9.10
 l  38   0    0.00    0.00
 g  38   0    0.00    0.00
 l  38   1    0.00    0.00
 g  38   1    0.00    0.00
 l  38   2    0.00    0.00
 g  38   2    0.00    0.00
 l  38   3    0.00    0.00
 g  38   3    0.00    0.00
 l  38   4    0.00    0.00
 g  38   4    0.00    0.00
 l  38   5    0.00    0.00
 g  38   5    0.00    0.00
 l  38   6    0.00    0.00
 g  38   6    0.00    0.00
 l  38   7    0.00    0.00
 g  38   7    0.00    0.00
 l  38   8    0.00    0.00
 g  38   8    0.00    0.00
 l  38   9    0.00    0.00
 g  38   9    0.00    0.00
 l  38  10    0.00    0.00
 g  38  10    0.00    0.00
 l  38  11    0.00    0.00
 g  38  11    0.00    0.00
 l  38  12   -3.01   -8.63
 g  38  12  -90.51   -8.63
 l  38  13   -0.92   -8.47
 g  38  13  -88.42   -8.47
 l  38  14   -2.85   -7.54
 g  38  14  -90.35   -7.54
 l  38  15   -2.55   -8.11
 g  38  15  -90.05   -8.11
 l  38  16   -0.71   -8.56
 g  38  16  -88.21   -8.56
 l  38  17   -2.09   -8.25
 g  38  17  -89.59   -8.25
 l  38  18   -1.02   -8.54
 g  38  18  -88.52   -8.54
 l  38  19   -1.67   -8.10
 g  38  19  -89.17   -8.10
 l  38  20   -2.29   -8.58
 g  38  20  -89.79   -8.58
 l  38  21   -2.58   -7.92
 g  38  21  -90.08   -7.92
 l  38  22   -2.87   -8.85
 g  38  22  -90.37   -8.85
 l  38  23   -0.64   -8.17
 g  38  23  -88.14   -8.17
 l  38  24   -1.63   -8.11
 g  38  24  -89.13   -8.11
 l  38  25   -0.48   -8.01
 g  38  25  -87.98   -8.01
 l  38  26   -0.64   -8.51
 g  38  26  -88.14   -8.51
 l  38  27   -1.10   -8.55
 g  38  27  -88.60   -8.55
 l  38  28   -0.65   -7.99
 g  38  28  -88.15   -7.99
 l  38  29   -1.93   -8.08
 g  38  29  -89.43   -8.08
 l  38  30   -3.26   -7.92
 g  38  30  -90.76   -7.92
 l  38  31   -1.08   -8.29
 g  38  31  -88.58   -8.29
 l  39   0    0.00    0.00
 g  39   0    0.00    0.00
 l  39   1    0.00    0.00
 g  39   1    0.00    0.00
 l  39   2    0.00    0.00
 g  39   2    0.00    0.00
 l  39   3    0.00    0.00
 g  39   3    0.00    0.00
 l  39   4    0.00    0.00
 g  39   4    0.00    0.00
 l  39   5    0.00    0.00
 g  39   5    0.00    0.00
 l  39   6    0.00    0.00
 g  39   6    0.00    0.00
 l  39   7    0.00    0.00
 g  39   7    0.00    0.00
 l  39   8    0.00    0.00
 g  39   8    0.00    0.00
 l  39   9   -2.33    9.00
 g  39   9  -45.53    9.00
 l  39  10    0.35    8.28
 g  39  10  -42.85    8.28
 l  39  11   -0.32    8.58
 g  39  11  -43.52    8.58
 l  39  12   -0.76    8.27
 g  39  12  -43.96    8.27
 l  39  13   -0.03    8.44
 g  39  13  -43.23    8.44
 l  39  14    0.10    8.44
 g  39  14  -43.10    8.44
 l  39  15   -0.13    8.62
 g  39  15  -43.33    8.62
 l  39  16    0.05    8.71
 g  39  16  -43.15    8.71
 l  39  17   -0.02    8.61
 g  39  17  -43.22    8.61
 l  39  18    0.00    0.00
 g  39  18    0.00    0.00
 l  39  19   -0.67    8.34
 g  39  19  -43.87    8.34
 l  39  20   -2.34    9.07
 g  39  20  -45.54    9.07
 l  39  21   -0.91    8.41
 g  39  21  -44.11    8.41
 l  39  22    0.06    8.65
 g  39  22  -43.14    8.65
 l  39  23   -1.03    8.26
 g  39  23  -44.23    8.26
 l  39  24   -1.08    8.21
 g  39  24  -44.28    8.21
 l  39  25   -0.84    8.10
 g  39  25  -44.04    8.10
 l  39  26    0.00    0.00
 g  39  26    0.00    0.00
 l  39  27   -0.15    7.98
 g  39  27  -43.35    7.98
 l  39  28   -1.04    8.53
 g  39  28  -44.24    8.53
 l  39  29   -1.64    7.10
 g  39  29  -44.84    7.10
 l  39  30   -1.93    7.91
 g  39  30  -45.13    7.91
 l  39  31   -0.38    8.64
 g  39  31  -43.58    8.64
 l  40   0    0.00    0.00
 g  40   0    0.00    0.00
 l  40   1    0.00    0.00
 g  40   1    0.00    0.00
 l  40   2    0.00    0.00
 g  40   2    0.00    0.00
 l  40   3    0.00    0.00
 g  40   3    0.00    0.00
 l  40   4    0.00    0.00
 g  40   4    0.00    0.00
 l  40   5    0.00    0.00
 g  40   5    0.00    0.00
 l  40   6    0.00    0.00
 g  40   6    0.00    0.00
 l  40   7    0.00    0.00
 g  40   7    0.00    0.00
 l  40   8    0.00    0.00
 g  40   8    0.00    0.00
 l  40   9    0.00    0.00
 g  40   9    0.00    0.00
 l  40  10    0.00    0.00
 g  40  10    0.00    0.00
 l  40  11   -0.58    8.85
 g  40  11  -73.98    8.85
 l  40  12   -0.56    8.16
 g  40  12  -73.96    8.16
 l  40  13   -1.60    7.43
 g  40  13  -75.00    7.43
 l  40  14   -2.25    7.85
 g  40  14  -75.65    7.85
 l  40  15   -0.66    8.09
 g  40  15  -74.06    8.09
 l  40  16   -0.52    7.80
 g  40  16  -73.92    7.80
 l  40  17   -1.46    8.13
 g  40  17  -74.86    8.13
 l  40  18   -1.54    8.51
 g  40  18  -74.94    8.51
 l  40  19   -0.73    9.12
 g  40  19  -74.13    9.12
 l  40  20   -1.28    9.14
 g  40  20  -74.68    9.14
 l  40  21   -1.14    7.97
 g  40  21  -74.54    7.97
 l  40  22   -0.12    8.56
 g  40  22  -73.52    8.56
 l  40  23   -1.38    8.07
 g  40  23  -74.78    8.07
 l  40  24   -1.16    8.09
 g  40  24  -74.56    8.09
 l  40  25   -0.37    8.03
 g  40  25  -73.77    8.03
 l  40  26   -2.20    8.48
 g  40  26  -75.60    8.48
 l  40  27   -0.44    8.24
 g  40  27  -73.84    8.24
 l  40  28   -0.67    8.09
 g  40  28  -74.07    8.09
 l  40  29   -0.42    8.22
 g  40  29  -73.82    8.22
 l  40  30   -0.62    8.34
 g  40  30  -74.02    8.34
 l  40  31   -1.51    8.35
 g  40  31  -74.91    8.35
 l  41   0    0.00    0.00
 g  41   0    0.00    0.00
 l  41   1    0.00    0.00
 g  41   1    0.00    0.00
 l  41   2    0.00    0.00
 g  41   2    0.00    0.00
 l  41   3    0.00    0.00
 g  41   3    0.00    0.00
 l  41   4    0.00    0.00
 g  41   4    0.00    0.00
 l  41   5    0.00    0.00
 g  41   5    0.00    0.00
 l  41   6    0.00    0.00
 g  41   6    0.00    0.00
 l  41   7    0.00    0.00
 g  41   7    0.00    0.00
 l  41   8    0.00    0.00
 g  41   8    0.00    0.00
 l  41   9    0.00    0.00
 g  41   9    0.00    0.00
 l  41  10    0.00    0.00
 g  41  10    0.00    0.00
 l  41  11    0.00    0.00
 g  41  11    0.00    0.00
 l  41  12    0.00    0.00
 g  41  12    0.00    0.00
 l  41  13    0.00    0.00
 g  41  13    0.00    0.00
 l  41  14    0.00    0.00
 g  41  14    0.00    0.00
 l  41  15    0.00    0.00
 g  41  15    0.00    0.00
 l  41  16    0.00    0.00
 g  41  16    0.00    0.00
 l  41  17    0.00    0.00
 g  41  17    0.00    0.00
 l  41  18    0.00    0.00
 g  41  18    0.00    0.00
 l  41  19   -1.74    7.98
 g  41  19 -105.34    7.98
 l  41  20    0.00    0.00
 g  41  20    0.00    0.00
 l  41  21   -0.81    7.21
 g  41  21 -104.41    7.21
 l  41  22   -1.24    8.56
 g  41  22 -104.84    8.56
 l  41  23    0.00    0.00
 g  41  23    0.00    0.00
 l  41  24   -2.29    8.01
 g  41  24 -105.89    8.01
 l  41  25   -0.52    8.14
 g  41  25 -104.12    8.14
 l  41  26    0.00    0.00
 g  41  26    0.00    0.00
 l  41  27   -1.95    8.12
 g  41  27 -105.55    8.12
 l  41  28   -1.20    8.24
 g  41  28 -104.80    8.24
 l  41  29   -2.73    7.93
 g  41  29 -106.33    7.93
 l  41  30   -0.45    8.43
 g  41  30 -104.05    8.43
 l  41  31   -2.94    8.91
 g  41  31 -106.54    8.91
 l  42   0   -3.62    8.51
 g  42   0  119.48    8.51
 l  42   1   -1.61    8.91
 g  42   1  121.49    8.91
 l  42   2   -2.78    8.48
 g  42   2  120.31    8.47
 l  42   3   -2.41    8.58
 g  42   3  120.69    8.58
 l  42   4   -2.86    8.65
 g  42   4  120.23    8.65
 l  42   5   -3.31    8.75
 g  42   5  119.78    8.74
 l  42   6   -2.96    8.84
 g  42   6  120.14    8.84
 l  42   7   -1.93    8.69
 g  42   7  121.17    8.69
 l  42   8   -3.03    8.65
 g  42   8  120.07    8.65
 l  42   9   -3.28    8.78
 g  42   9  119.82    8.78
 l  42  10   -2.79    8.68
 g  42  10  120.32    8.69
 l  42  11   -2.45    8.71
 g  42  11  120.65    8.71
 l  42  12   -2.94    8.72
 g  42  12  120.16    8.72
 l  42  13   -3.05    8.56
 g  42  13  120.05    8.56
 l  42  14   -3.67    8.59
 g  42  14  119.42    8.59
 l  42  15   -2.98    8.18
 g  42  15  120.12    8.18
 l  43   0   -2.12   -8.85
 g  43   0   73.28   -8.85
 l  43   1   -1.35   -8.01
 g  43   1   74.05   -8.01
 l  43   2   -1.72   -8.76
 g  43   2   73.68   -8.76
 l  43   3   -1.40   -9.39
 g  43   3   74.00   -9.39
 l  43   4    0.93   -9.45
 g  43   4   76.33   -9.45
 l  43   5    0.17   -9.28
 g  43   5   75.57   -9.28
 l  43   6   -1.06   -9.48
 g  43   6   74.34   -9.48
 l  43   7   -1.10   -9.59
 g  43   7   74.30   -9.59
 l  43   8   -0.22   -9.52
 g  43   8   75.18   -9.52
 l  43   9   -1.26   -9.45
 g  43   9   74.14   -9.45
 l  43  10   -1.34   -9.58
 g  43  10   74.06   -9.58
 l  43  11   -0.89   -9.53
 g  43  11   74.51   -9.53
 l  43  12   -0.48   -9.50
 g  43  12   74.92   -9.50
 l  43  13   -0.81   -9.36
 g  43  13   74.59   -9.36
 l  43  14   -2.23   -9.34
 g  43  14   73.17   -9.34
 l  43  15   -2.07   -8.93
 g  43  15   73.33   -8.93
 l  44   0    1.76    8.58
 g  44   0   22.96    8.58
 l  44   1    1.31    9.00
 g  44   1   22.51    9.00
 l  44   2    1.88    8.82
 g  44   2   23.08    8.82
 l  44   3    0.90    9.11
 g  44   3   22.10    9.11
 l  44   4    1.69    8.64
 g  44   4   22.89    8.64
 l  44   5    2.23    8.51
 g  44   5   23.43    8.51
 l  44   6    1.65    8.80
 g  44   6   22.85    8.80
 l  44   7   -0.30    8.92
 g  44   7   20.90    8.92
 l  44   8    0.71    8.48
 g  44   8   21.91    8.48
 l  44   9    1.40    8.89
 g  44   9   22.60    8.89
 l  44  10    1.17    8.44
 g  44  10   22.37    8.44
 l  44  11    1.17    8.87
 g  44  11   22.37    8.87
 l  44  12    1.79    8.70
 g  44  12   22.99    8.70
 l  44  13    0.12    8.55
 g  44  13   21.32    8.55
 l  44  14   -0.12    8.84
 g  44  14   21.08    8.84
 l  44  15    2.44    8.15
 g  44  15   23.64    8.15
 l  45   0    1.74   -8.77
 g  45   0  -31.26   -8.77
 l  45   1    0.49   -8.79
 g  45   1  -32.51   -8.79
 l  45   2    1.24   -8.95
 g  45   2  -31.76   -8.95
 l  45   3    0.57   -9.20
 g  45   3  -32.43   -9.20
 l  45   4    0.59   -9.24
 g  45   4  -32.41   -9.24
 l  45   5    1.23   -9.10
 g  45   5  -31.77   -9.10
 l  45   6    0.86   -9.25
 g  45   6  -32.14   -9.25
 l  45   7    0.45   -9.17
 g  45   7  -32.55   -9.17
 l  45   8    1.01   -9.32
 g  45   8  -31.99   -9.32
 l  45   9    1.20   -9.11
 g  45   9  -31.80   -9.11
 l  45  10    0.64   -9.19
 g  45  10  -32.36   -9.19
 l  45  11    0.79   -9.16
 g  45  11  -32.21   -9.16
 l  45  12    0.95   -9.28
 g  45  12  -32.05   -9.28
 l  45  13    0.10   -9.12
 g  45  13  -32.90   -9.12
 l  45  14    1.40   -9.05
 g  45  14  -31.60   -9.05
 l  45  15    0.84   -8.63
 g  45  15  -32.16   -8.63
 l  46   0   -0.19    8.45
 g  46   0  -87.39    8.45
 l  46   1    1.72    8.51
 g  46   1  -85.48    8.51
 l  46   2    0.78    8.69
 g  46   2  -86.42    8.69
 l  46   3   -0.73    8.91
 g  46   3  -87.93    8.91
 l  46   4   -0.10    8.93
 g  46   4  -87.30    8.93
 l  46   5    0.42    9.15
 g  46   5  -86.78    9.15
 l  46   6   -0.72    9.11
 g  46   6  -87.92    9.11
 l  46   7    0.78    9.02
 g  46   7  -86.42    9.02
 l  46   8   -0.15    9.14
 g  46   8  -87.35    9.14
 l  46   9    0.14    9.23
 g  46   9  -87.06    9.23
 l  46  10    0.94    9.15
 g  46  10  -86.26    9.15
 l  46  11   -2.65    9.21
 g  46  11  -89.85    9.21
 l  46  12    0.42    9.07
 g  46  12  -86.78    9.07
 l  46  13    0.57    8.94
 g  46  13  -86.63    8.94
 l  46  14    0.47    8.96
 g  46  14  -86.73    8.96
 l  46  15    0.29    8.80
 g  46  15  -86.91    8.80
 l  47   0    0.02   -8.82
 g  47   0 -135.85   -8.78
 l  47   1   -0.69   -8.68
 g  47   1 -136.53   -8.60
 l  47   2   -2.85   -9.05
 g  47   2 -138.77   -8.29
 l  47   3    0.81   -8.76
 g  47   3 -135.03   -8.55
 l  47   4   -1.00   -8.90
 g  47   4 -136.77   -8.81
 l  47   5   -0.05   -9.01
 g  47   5 -135.85   -8.86
 l  47   6   -0.36   -9.07
 g  47   6 -136.02   -8.70
 l  47   7    0.85   -8.86
 g  47   7 -134.93   -8.68
 l  47   8    0.31   -8.54
 g  47   8 -135.83   -8.86
 l  47   9   -0.36   -9.26
 g  47   9 -136.22   -9.23
 l  47  10   -0.70   -8.90
 g  47  10 -136.59   -8.87
 l  47  11    0.14   -9.11
 g  47  11 -135.76   -9.12
 l  47  12   -1.21   -9.44
 g  47  12 -136.80   -8.57
 l  47  13   -0.31   -9.10
 g  47  13 -136.05   -8.89
 l  47  14   -0.35   -8.85
 g  47  14 -136.09   -8.65
 l  47  15    0.23   -8.66
 g  47  15 -135.66   -8.64
 l  48   0    0.00    0.00
 g  48   0    0.00    0.00
 l  48   1    0.94    9.04
 g  48   1 -137.70    8.86
 l  48   2    0.00    0.00
 g  48   2    0.00    0.00
 l  48   3   -2.14    9.71
 g  48   3 -140.71    9.41
 l  48   4    0.82    9.45
 g  48   4 -137.80    9.22
 l  48   5   -0.39    9.42
 g  48   5 -139.32    9.54
 l  48   6    0.00    0.00
 g  48   6    0.00    0.00
 l  48   7   -0.35    9.64
 g  48   7 -138.94    9.44
 l  48   8    0.32    9.48
 g  48   8 -138.47    9.46
 l  48   9    0.56    9.31
 g  48   9 -138.22    9.19
 l  48  10    0.11    9.36
 g  48  10 -138.59    9.26
 l  48  11    0.46    9.53
 g  48  11 -137.99    9.04
 l  48  12   -0.31    9.51
 g  48  12 -138.75    9.18
 l  48  13    0.11    9.48
 g  48  13 -138.26    8.90
 l  48  14    0.00    0.00
 g  48  14    0.00    0.00
 l  48  15    0.00    0.00
 g  48  15    0.00    0.00
 l  49   0    0.00    0.00
 g  49   0    0.00    0.00
 l  49   1    0.00    0.00
 g  49   1    0.00    0.00
 l  49   2    0.00    0.00
 g  49   2    0.00    0.00
 l  49   3    0.00    0.00
 g  49   3    0.00    0.00
 l  49   4    0.00    0.00
 g  49   4    0.00    0.00
 l  49   5    1.49   -9.01
 g  49   5 -134.41   -9.01
 l  49   6    0.18   -9.09
 g  49   6 -135.76   -8.69
 l  49   7    1.33   -9.37
 g  49   7 -134.61   -9.25
 l  49   8    0.15   -8.62
 g  49   8 -135.63   -8.52
 l  49   9    0.40   -8.96
 g  49   9 -135.34   -8.84
 l  49  10    0.00    0.00
 g  49  10    0.00    0.00
 l  49  11   -0.38   -8.78
 g  49  11 -136.29   -8.76
 l  49  12    0.04   -9.15
 g  49  12 -135.76   -9.09
 l  49  13   -0.41   -8.92
 g  49  13 -136.27   -8.82
 l  49  14   -0.98   -8.99
 g  49  14 -136.93   -8.91
 l  49  15    0.40   -8.97
 g  49  15 -135.42   -8.78
 l  50   0    0.00    0.00
 g  50   0    0.00    0.00
 l  50   1    0.00    0.00
 g  50   1    0.00    0.00
 l  50   2    0.00    0.00
 g  50   2    0.00    0.00
 l  50   3    0.00    0.00
 g  50   3    0.00    0.00
 l  50   4    0.00    0.00
 g  50   4    0.00    0.00
 l  50   5    0.00    0.00
 g  50   5    0.00    0.00
 l  50   6    0.00    0.00
 g  50   6    0.00    0.00
 l  50   7    0.00    0.00
 g  50   7    0.00    0.00
 l  50   8    0.00    0.00
 g  50   8    0.00    0.00
 l  50   9    0.00    0.00
 g  50   9    0.00    0.00
 l  50  10    0.00    0.00
 g  50  10    0.00    0.00
 l  50  11    0.00    0.00
 g  50  11    0.00    0.00
 l  50  12    0.00    0.00
 g  50  12    0.00    0.00
 l  50  13    0.00    0.00
 g  50  13    0.00    0.00
 l  50  14    0.00    0.00
 g  50  14    0.00    0.00
 l  50  15    0.00    0.00
 g  50  15    0.00    0.00
 l  51   0    0.00    0.00
 g  51   0    0.00    0.00
 l  51   1   -3.23   -8.43
 g  51   1 -105.33   -8.43
 l  51   2   -2.56   -8.42
 g  51   2 -104.66   -8.42
 l  51   3   -1.17   -8.21
 g  51   3 -103.27   -8.21
 l  51   4   -0.89   -9.10
 g  51   4 -102.99   -9.10
 l  51   5   -2.04   -8.30
 g  51   5 -104.14   -8.30
 l  51   6   -3.03   -8.64
 g  51   6 -105.13   -8.64
 l  51   7    0.00    0.00
 g  51   7    0.00    0.00
 l  51   8   -1.95   -8.62
 g  51   8 -104.05   -8.62
 l  51   9   -2.19   -8.59
 g  51   9 -104.29   -8.59
 l  51  10   -1.38   -8.23
 g  51  10 -103.48   -8.23
 l  51  11   -1.86   -8.92
 g  51  11 -103.96   -8.92
 l  51  12   -1.60   -8.83
 g  51  12 -103.70   -8.83
 l  51  13   -1.44   -8.76
 g  51  13 -103.54   -8.76
 l  51  14   -2.41   -8.73
 g  51  14 -104.51   -8.73
 l  51  15   -2.40   -8.92
 g  51  15 -104.50   -8.92
 l  51  16   -1.47   -7.29
 g  51  16 -103.57   -7.29
 l  51  17   -2.39   -8.14
 g  51  17 -104.49   -8.14
 l  51  18   -2.45   -9.82
 g  51  18 -104.55   -9.82
 l  51  19   -2.53   -8.49
 g  51  19 -104.63   -8.49
 l  51  20   -1.15  -10.27
 g  51  20 -103.25  -10.27
 l  51  21   -1.98   -7.78
 g  51  21 -104.08   -7.78
 l  51  22    0.00    0.00
 g  51  22    0.00    0.00
 l  51  23   -2.29   -8.02
 g  51  23 -104.39   -8.02
 l  51  24    0.00    0.00
 g  51  24    0.00    0.00
 l  51  25   -1.80   -8.25
 g  51  25 -103.90   -8.25
 l  51  26    0.00    0.00
 g  51  26    0.00    0.00
 l  51  27    0.00    0.00
 g  51  27    0.00    0.00
 l  51  28    0.00    0.00
 g  51  28    0.00    0.00
 l  51  29    0.00    0.00
 g  51  29    0.00    0.00
 l  51  30    0.00    0.00
 g  51  30    0.00    0.00
 l  51  31    0.00    0.00
 g  51  31    0.00    0.00
 l  52   0    0.00    0.00
 g  52   0    0.00    0.00
 l  52   1    0.00    0.00
 g  52   1    0.00    0.00
 l  52   2    0.00    0.00
 g  52   2    0.00    0.00
 l  52   3    0.00    0.00
 g  52   3    0.00    0.00
 l  52   4    0.00    0.00
 g  52   4    0.00    0.00
 l  52   5    0.00    0.00
 g  52   5    0.00    0.00
 l  52   6    0.00    0.00
 g  52   6    0.00    0.00
 l  52   7    0.00    0.00
 g  52   7    0.00    0.00
 l  52   8    0.00    0.00
 g  52   8    0.00    0.00
 l  52   9    0.00    0.00
 g  52   9    0.00    0.00
 l  52  10    0.00    0.00
 g  52  10    0.00    0.00
 l  52  11    0.00    0.00
 g  52  11    0.00    0.00
 l  52  12    0.00    0.00
 g  52  12    0.00    0.00
 l  52  13    0.00    0.00
 g  52  13    0.00    0.00
 l  52  14    0.00    0.00
 g  52  14    0.00    0.00
 l  52  15    0.00    0.00
 g  52  15    0.00    0.00
 l  52  16    0.00    0.00
 g  52  16    0.00    0.00
 l  52  17    0.00    0.00
 g  52  17    0.00    0.00
 l  52  18    0.00    0.00
 g  52  18    0.00    0.00
 l  52  19    0.00    0.00
 g  52  19    0.00    0.00
 l  52  20    0.00    0.00
 g  52  20    0.00    0.00
 l  52  21    0.00    0.00
 g  52  21    0.00    0.00
 l  52  22    0.00    0.00
 g  52  22    0.00    0.00
 l  52  23    0.00    0.00
 g  52  23    0.00    0.00
 l  52  24    0.00    0.00
 g  52  24    0.00    0.00
 l  52  25    0.00    0.00
 g  52  25    0.00    0.00
 l  52  26    0.00    0.00
 g  52  26    0.00    0.00
 l  52  27    0.00    0.00
 g  52  27    0.00    0.00
 l  52  28    0.00    0.00
 g  52  28    0.00    0.00
 l  52  29    0.00    0.00
 g  52  29    0.00    0.00
 l  52  30    0.00    0.00
 g  52  30    0.00    0.00
 l  52  31    0.00    0.00
 g  52  31    0.00    0.00
 l  53   0    0.00    0.00
 g  53   0    0.00    0.00
 l  53   1    0.00    0.00
 g  53   1    0.00    0.00
 l  53   2    0.00    0.00
 g  53   2    0.00    0.00
 l  53   3    0.00    0.00
 g  53   3    0.00    0.00
 l  53   4    0.00    0.00
 g  53   4    0.00    0.00
 l  53   5    0.00    0.00
 g  53   5    0.00    0.00
 l  53   6    0.00    0.00
 g  53   6    0.00    0.00
 l  53   7    0.00    0.00
 g  53   7    0.00    0.00
 l  53   8    0.00    0.00
 g  53   8    0.00    0.00
 l  53   9    0.00    0.00
 g  53   9    0.00    0.00
 l  53  10    0.00    0.00
 g  53  10    0.00    0.00
 l  53  11    0.00    0.00
 g  53  11    0.00    0.00
 l  53  12    0.00    0.00
 g  53  12    0.00    0.00
 l  53  13    0.00    0.00
 g  53  13    0.00    0.00
 l  53  14    0.00    0.00
 g  53  14    0.00    0.00
 l  53  15    0.00    0.00
 g  53  15    0.00    0.00
 l  54   0    0.00    0.00
 g  54   0    0.00    0.00
 l  54   1    0.00    0.00
 g  54   1    0.00    0.00
 l  54   2    0.00    0.00
 g  54   2    0.00    0.00
 l  54   3    0.00    0.00
 g  54   3    0.00    0.00
 l  54   4    0.00    0.00
 g  54   4    0.00    0.00
 l  54   5    0.00    0.00
 g  54   5    0.00    0.00
 l  54   6    0.00    0.00
 g  54   6    0.00    0.00
 l  54   7    0.00    0.00
 g  54   7    0.00    0.00
 l  54   8    0.00    0.00
 g  54   8    0.00    0.00
 l  54   9    0.00    0.00
 g  54   9    0.00    0.00
 l  54  10    0.00    0.00
 g  54  10    0.00    0.00
 l  54  11    0.00    0.00
 g  54  11    0.00    0.00
 l  54  12    0.00    0.00
 g  54  12    0.00    0.00
 l  54  13    0.00    0.00
 g  54  13    0.00    0.00
 l  54  14    0.00    0.00
 g  54  14    0.00    0.00
 l  54  15    0.00    0.00
 g  54  15    0.00    0.00
 l  55   0    0.00    0.00
 g  55   0    0.00    0.00
 l  55   1    0.00    0.00
 g  55   1    0.00    0.00
 l  55   2    0.00    0.00
 g  55   2    0.00    0.00
 l  55   3    0.00    0.00
 g  55   3    0.00    0.00
 l  55   4    0.00    0.00
 g  55   4    0.00    0.00
 l  55   5    0.00    0.00
 g  55   5    0.00    0.00
 l  55   6    0.00    0.00
 g  55   6    0.00    0.00
 l  55   7    0.00    0.00
 g  55   7    0.00    0.00
 l  55   8    0.00    0.00
 g  55   8    0.00    0.00
 l  55   9    0.00    0.00
 g  55   9    0.00    0.00
 l  55  10    0.00    0.00
 g  55  10    0.00    0.00
 l  55  11    0.00    0.00
 g  55  11    0.00    0.00
 l  55  12    0.00    0.00
 g  55  12    0.00    0.00
 l  55  13    0.00    0.00
 g  55  13    0.00    0.00
 l  55  14    0.00    0.00
 g  55  14    0.00    0.00
 l  55  15    0.00    0.00
 g  55  15    0.00    0.00
 l  56   0    0.00    0.00
 g  56   0    0.00    0.00
 l  56   1    0.00    0.00
 g  56   1    0.00    0.00
 l  56   2    0.00    0.00
 g  56   2    0.00    0.00
 l  56   3    0.00    0.00
 g  56   3    0.00    0.00
 l  56   4    0.00    0.00
 g  56   4    0.00    0.00
 l  56   5    0.00    0.00
 g  56   5    0.00    0.00
 l  56   6    0.00    0.00
 g  56   6    0.00    0.00
 l  56   7    0.00    0.00
 g  56   7    0.00    0.00
 l  56   8    0.00    0.00
 g  56   8    0.00    0.00
 l  56   9    0.00    0.00
 g  56   9    0.00    0.00
 l  56  10    0.00    0.00
 g  56  10    0.00    0.00
 l  56  11    0.00    0.00
 g  56  11    0.00    0.00
 l  56  12    0.00    0.00
 g  56  12    0.00    0.00
 l  56  13    0.00    0.00
 g  56  13    0.00    0.00
 l  56  14    0.00    0.00
 g  56  14    0.00    0.00
 l  56  15    0.00    0.00
 g  56  15    0.00    0.00
 l  57   0    0.00    0.00
 g  57   0    0.00    0.00
 l  57   1    0.00    0.00
 g  57   1    0.00    0.00
 l  57   2    0.00    0.00
 g  57   2    0.00    0.00
 l  57   3    0.00    0.00
 g  57   3    0.00    0.00
 l  57   4    0.00    0.00
 g  57   4    0.00    0.00
 l  57   5    0.00    0.00
 g  57   5    0.00    0.00
 l  57   6    0.00    0.00
 g  57   6    0.00    0.00
 l  57   7    0.00    0.00
 g  57   7    0.00    0.00
 l  57   8    0.00    0.00
 g  57   8    0.00    0.00
 l  57   9    0.00    0.00
 g  57   9    0.00    0.00
 l  57  10    0.00    0.00
 g  57  10    0.00    0.00
 l  57  11    0.00    0.00
 g  57  11    0.00    0.00
 l  57  12    0.00    0.00
 g  57  12    0.00    0.00
 l  57  13    0.00    0.00
 g  57  13    0.00    0.00
 l  57  14    0.00    0.00
 g  57  14    0.00    0.00
 l  57  15    0.00    0.00
 g  57  15    0.00    0.00
 l  58   0    0.00    0.00
 g  58   0    0.00    0.00
 l  58   1    0.00    0.00
 g  58   1    0.00    0.00
 l  58   2    0.00    0.00
 g  58   2    0.00    0.00
 l  58   3    0.00    0.00
 g  58   3    0.00    0.00
 l  58   4    0.00    0.00
 g  58   4    0.00    0.00
 l  58   5    0.00    0.00
 g  58   5    0.00    0.00
 l  58   6    0.00    0.00
 g  58   6    0.00    0.00
 l  58   7    0.00    0.00
 g  58   7    0.00    0.00
 l  58   8    0.00    0.00
 g  58   8    0.00    0.00
 l  58   9    0.00    0.00
 g  58   9    0.00    0.00
 l  58  10    0.00    0.00
 g  58  10    0.00    0.00
 l  58  11    0.00    0.00
 g  58  11    0.00    0.00
 l  58  12    0.00    0.00
 g  58  12    0.00    0.00
 l  58  13    0.00    0.00
 g  58  13    0.00    0.00
 l  58  14    0.00    0.00
 g  58  14    0.00    0.00
 l  58  15    0.00    0.00
 g  58  15    0.00    0.00
