   0   0    0.00
   0   1    0.00
   0   2    0.00
   0   3    0.00
   0   4    0.00
   0   5    0.00
   0   6    0.00
   0   7    0.00
   0   8    0.00
   0   9    0.00
   0  10    0.00
   0  11    0.00
   0  12    0.00
   0  13    0.00
   0  14    0.00
   0  15    0.00
   0  16    0.00
   0  17    0.00
   0  18    0.00
   0  19    0.00
   0  20    0.00
   0  21    0.00
   0  22    0.00
   0  23    0.00
   0  24    0.00
   0  25    0.00
   0  26    0.00
   0  27    0.00
   0  28    0.00
   0  29    0.00
   0  30    0.00
   0  31    0.00
   1   0    0.00
   1   1    0.00
   1   2    0.00
   1   3    0.00
   1   4    0.00
   1   5    0.00
   1   6    0.00
   1   7    0.00
   1   8    0.00
   1   9    0.00
   1  10    0.00
   1  11    0.00
   1  12    0.00
   1  13    0.00
   1  14    0.00
   1  15    0.00
   1  16    0.00
   1  17    0.00
   1  18    0.00
   1  19    0.00
   1  20    0.00
   1  21    0.00
   1  22    0.00
   1  23    0.00
   1  24    0.00
   1  25    0.00
   1  26    0.00
   1  27    0.00
   1  28    0.00
   1  29    0.00
   1  30    0.00
   1  31    0.00
   2   0    0.00
   2   1   -0.71
   2   2   -0.81
   2   3   -0.85
   2   4   -0.89
   2   5   -0.85
   2   6   -0.85
   2   7   -0.83
   2   8   -0.99
   2   9   -0.87
   2  10   -0.86
   2  11   -0.90
   2  12   -0.90
   2  13   -0.85
   2  14   -0.83
   2  15   -0.82
   2  16   -0.88
   2  17   -0.82
   2  18   -0.85
   2  19   -0.81
   2  20   -0.83
   2  21   -0.87
   2  22   -0.55
   2  23   -0.70
   2  24   -0.77
   2  25   -0.81
   2  26   -0.77
   2  27   -0.76
   2  28   -0.65
   2  29   -0.67
   2  30   -0.59
   2  31   -0.36
   3   0    0.00
   3   1   -0.95
   3   2   -0.81
   3   3   -0.87
   3   4   -0.89
   3   5   -0.86
   3   6   -0.80
   3   7   -0.82
   3   8   -0.90
   3   9   -0.84
   3  10   -0.77
   3  11   -0.75
   3  12   -0.77
   3  13   -0.75
   3  14   -0.75
   3  15   -0.74
   3  16   -0.69
   3  17   -0.72
   3  18   -0.72
   3  19   -0.77
   3  20   -0.76
   3  21   -0.84
   3  22   -0.66
   3  23   -0.76
   3  24   -0.64
   3  25   -0.72
   3  26   -0.70
   3  27   -0.32
   3  28   -0.39
   3  29   -0.45
   3  30   -0.34
   3  31   -0.21
   4   0    0.00
   4   1    0.00
   4   2    0.00
   4   3    0.00
   4   4    0.00
   4   5    0.00
   4   6    0.00
   4   7    0.00
   4   8    0.00
   4   9    0.00
   4  10    0.00
   4  11    0.00
   4  12    0.00
   4  13    0.00
   4  14    0.00
   4  15    0.00
   4  16    0.00
   4  17    0.00
   4  18    0.00
   4  19    0.00
   4  20    0.00
   4  21    0.00
   4  22    0.00
   4  23    0.00
   4  24    0.00
   4  25    0.00
   4  26    0.00
   4  27    0.00
   4  28    0.00
   4  29    0.00
   4  30    0.00
   4  31    0.00
   5   0    0.00
   5   1   -0.37
   5   2   -0.53
   5   3   -0.64
   5   4   -0.67
   5   5   -0.78
   5   6   -0.71
   5   7   -0.78
   5   8   -0.91
   5   9   -0.84
   5  10   -0.76
   5  11   -0.80
   5  12   -0.86
   5  13   -0.83
   5  14   -0.73
   5  15   -0.72
   5  16   -0.86
   5  17   -0.82
   5  18   -0.78
   5  19   -0.72
   5  20   -0.72
   5  21   -0.60
   5  22   -0.66
   5  23   -0.65
   5  24   -0.77
   5  25   -0.72
   5  26   -0.87
   5  27   -0.66
   5  28   -0.68
   5  29   -0.63
   5  30   -0.50
   5  31   -0.01
   6   0    0.00
   6   1    0.00
   6   2    0.00
   6   3    0.00
   6   4    0.00
   6   5    0.00
   6   6    0.00
   6   7    0.00
   6   8    0.00
   6   9    0.00
   6  10    0.00
   6  11    0.00
   6  12    0.00
   6  13    0.00
   6  14    0.00
   6  15    0.00
   6  16    0.00
   6  17    0.00
   6  18    0.00
   6  19    0.00
   6  20    0.00
   6  21    0.00
   6  22    0.00
   6  23    0.00
   6  24    0.00
   6  25    0.00
   6  26    0.00
   6  27    0.00
   6  28    0.00
   6  29    0.00
   6  30    0.00
   6  31    0.00
   7   0    0.00
   7   1    0.00
   7   2    0.00
   7   3    0.00
   7   4    0.00
   7   5    0.00
   7   6    0.00
   7   7    0.00
   7   8    0.00
   7   9    0.00
   7  10    0.00
   7  11    0.00
   7  12    0.00
   7  13    0.00
   7  14    0.00
   7  15    0.00
   7  16    0.00
   7  17    0.00
   7  18    0.00
   7  19    0.00
   7  20    0.00
   7  21    0.00
   7  22    0.00
   7  23    0.00
   7  24    0.00
   7  25    0.00
   7  26    0.00
   7  27    0.00
   7  28    0.00
   7  29    0.00
   7  30    0.00
   7  31    0.00
   8   0    0.00
   8   1   -0.65
   8   2   -0.52
   8   3   -0.31
   8   4   -0.16
   8   5   -0.25
   8   6   -0.51
   8   7   -0.69
   8   8   -0.84
   8   9   -0.85
   8  10   -0.73
   8  11   -0.77
   8  12   -0.80
   8  13   -0.73
   8  14   -0.79
   8  15   -0.73
   8  16   -0.82
   8  17   -0.72
   8  18   -0.68
   8  19   -0.71
   8  20   -0.70
   8  21   -0.82
   8  22   -0.48
   8  23   -0.62
   8  24   -0.72
   8  25   -0.72
   8  26   -0.65
   8  27   -0.51
   8  28   -0.69
   8  29   -0.38
   8  30   -0.62
   8  31   -0.32
   9   0    0.00
   9   1    0.00
   9   2    0.00
   9   3    0.00
   9   4    0.00
   9   5    0.00
   9   6    0.00
   9   7    0.00
   9   8    0.00
   9   9    0.00
   9  10    0.00
   9  11    0.00
   9  12    0.00
   9  13    0.00
   9  14    0.00
   9  15    0.00
   9  16   -1.26
   9  17    0.00
   9  18    0.00
   9  19    0.00
   9  20    0.00
   9  21    0.00
   9  22    0.00
   9  23    0.00
   9  24    0.00
   9  25    0.00
   9  26    0.00
   9  27    0.00
   9  28    0.00
   9  29    0.00
   9  30    0.00
   9  31    0.00
  10   0    0.00
  10   1    0.00
  10   2    0.00
  10   3    0.00
  10   4    0.00
  10   5    0.00
  10   6    0.00
  10   7    0.00
  10   8    0.00
  10   9    0.00
  10  10    0.00
  10  11    0.00
  10  12    0.00
  10  13    0.00
  10  14    0.00
  10  15    0.00
  10  16    0.00
  10  17    0.00
  10  18    0.00
  10  19    0.00
  10  20    0.00
  10  21    0.00
  10  22    0.00
  10  23    0.00
  10  24    0.00
  10  25    0.00
  10  26    0.00
  10  27    0.00
  10  28    0.00
  10  29    0.00
  10  30    0.00
  10  31    0.00
  11   0    0.00
  11   1   -0.85
  11   2   -0.85
  11   3   -0.96
  11   4   -1.03
  11   5   -0.98
  11   6   -0.84
  11   7   -0.74
  11   8   -0.90
  11   9   -0.87
  11  10   -0.77
  11  11   -0.79
  11  12   -0.84
  11  13   -0.76
  11  14   -0.82
  11  15   -0.70
  11  16   -0.77
  11  17   -0.78
  11  18   -0.77
  11  19   -0.76
  11  20   -0.78
  11  21   -0.65
  11  22   -0.62
  11  23   -0.61
  11  24   -0.69
  11  25   -0.81
  11  26   -0.87
  11  27   -0.60
  11  28   -0.67
  11  29   -0.62
  11  30   -0.44
  11  31    0.26
  12   0    0.00
  12   1   -0.68
  12   2   -0.71
  12   3   -0.75
  12   4   -0.69
  12   5   -0.74
  12   6   -0.73
  12   7   -0.68
  12   8   -0.73
  12   9   -0.74
  12  10   -0.73
  12  11   -0.68
  12  12   -0.70
  12  13   -0.72
  12  14   -0.62
  12  15   -0.66
  12  16   -0.65
  12  17   -0.66
  12  18   -0.60
  12  19   -0.65
  12  20   -0.76
  12  21   -0.55
  12  22   -0.51
  12  23   -0.58
  12  24   -0.62
  12  25   -0.64
  12  26   -0.66
  12  27   -0.37
  12  28   -0.57
  12  29   -0.44
  12  30   -0.19
  12  31    0.07
  13   0    0.00
  13   1    0.00
  13   2    0.00
  13   3    0.00
  13   4    0.00
  13   5    0.00
  13   6    0.00
  13   7    0.00
  13   8    0.00
  13   9    0.00
  13  10    0.00
  13  11    0.00
  13  12    0.00
  13  13    0.00
  13  14    0.00
  13  15    0.00
  13  16    0.00
  13  17    0.00
  13  18    0.00
  13  19    0.00
  13  20    0.00
  13  21    0.00
  13  22    0.00
  13  23    0.00
  13  24    0.00
  13  25    0.00
  13  26    0.00
  13  27    0.00
  13  28    0.00
  13  29    0.00
  13  30    0.00
  13  31    0.00
  14   0    0.00
  14   1    0.00
  14   2    0.00
  14   3    0.00
  14   4    0.00
  14   5    0.00
  14   6    0.00
  14   7    0.00
  14   8    0.00
  14   9    0.16
  14  10   -0.02
  14  11    0.07
  14  12   -0.20
  14  13   -0.06
  14  14   -0.10
  14  15   -0.16
  14  16   -0.16
  14  17   -0.41
  14  18   -0.22
  14  19   -0.19
  14  20   -0.15
  14  21   -0.19
  14  22   -0.19
  14  23   -0.15
  14  24   -0.24
  14  25   -0.16
  14  26   -0.14
  14  27   -0.08
  14  28   -0.16
  14  29   -0.12
  14  30   -0.30
  14  31   -0.51
  15   0    0.00
  15   1    0.00
  15   2    0.00
  15   3    0.00
  15   4    0.00
  15   5    0.00
  15   6    0.00
  15   7    0.00
  15   8    0.00
  15   9    0.00
  15  10    0.00
  15  11   -0.22
  15  12   -0.22
  15  13   -0.37
  15  14   -0.24
  15  15   -0.33
  15  16   -0.37
  15  17   -0.29
  15  18   -0.38
  15  19   -0.40
  15  20   -0.36
  15  21   -0.33
  15  22   -0.33
  15  23   -0.21
  15  24   -0.27
  15  25   -0.17
  15  26   -0.22
  15  27   -0.28
  15  28   -0.24
  15  29   -0.33
  15  30   -0.22
  15  31   -0.14
  16   0    0.00
  16   1    0.00
  16   2    0.00
  16   3    0.00
  16   4    0.00
  16   5    0.00
  16   6    0.00
  16   7    0.00
  16   8    0.00
  16   9    0.00
  16  10    0.00
  16  11   -0.44
  16  12   -0.41
  16  13   -0.37
  16  14   -0.48
  16  15   -0.47
  16  16   -0.38
  16  17   -0.61
  16  18   -0.60
  16  19   -0.50
  16  20   -0.39
  16  21   -0.32
  16  22   -0.22
  16  23   -0.17
  16  24   -0.42
  16  25   -0.30
  16  26   -0.33
  16  27   -0.29
  16  28   -0.41
  16  29   -0.26
  16  30   -0.50
  16  31   -0.50
  17   0    0.00
  17   1    0.00
  17   2    0.00
  17   3    0.00
  17   4    0.00
  17   5    0.00
  17   6    0.00
  17   7    0.00
  17   8    0.00
  17   9    0.00
  17  10    0.00
  17  11    0.00
  17  12    0.00
  17  13    0.00
  17  14    0.00
  17  15    0.00
  17  16    0.00
  17  17    0.00
  17  18    0.00
  17  19    0.00
  17  20    0.00
  17  21    0.00
  17  22    0.00
  17  23    0.00
  17  24    0.00
  17  25    0.00
  17  26    0.00
  17  27   -0.12
  17  28   -0.06
  17  29   -0.35
  17  30   -0.25
  17  31   -0.01
  18   0    0.00
  18   1    0.00
  18   2    0.00
  18   3    0.00
  18   4    0.00
  18   5    0.00
  18   6    0.00
  18   7    0.00
  18   8    0.00
  18   9    0.00
  18  10    0.00
  18  11    0.00
  18  12   -0.71
  18  13    0.00
  18  14    0.00
  18  15    0.00
  18  16    0.00
  18  17    0.00
  18  18    0.00
  18  19    0.00
  18  20    0.00
  18  21    0.00
  18  22    0.00
  18  23    0.00
  18  24    0.00
  18  25    0.00
  18  26    0.00
  18  27    0.00
  18  28    0.00
  18  29    0.00
  18  30    0.00
  18  31    0.00
  19   0    0.00
  19   1    0.00
  19   2    0.00
  19   3    0.00
  19   4    0.00
  19   5    0.00
  19   6    0.00
  19   7    0.00
  19   8    0.00
  19   9    0.00
  19  10   -0.40
  19  11    0.00
  19  12   -0.81
  19  13   -0.80
  19  14   -0.87
  19  15   -0.78
  19  16   -0.78
  19  17   -0.73
  19  18   -0.70
  19  19   -0.60
  19  20   -0.74
  19  21   -0.66
  19  22   -0.71
  19  23   -0.51
  19  24   -0.59
  19  25   -0.63
  19  26   -0.54
  19  27   -0.55
  19  28   -0.71
  19  29   -0.56
  19  30   -0.54
  19  31   -0.40
  20   0    0.00
  20   1   -1.05
  20   2   -1.01
  20   3   -0.98
  20   4   -0.97
  20   5   -1.01
  20   6   -0.91
  20   7   -0.79
  20   8   -1.04
  20   9   -0.94
  20  10   -0.95
  20  11   -0.90
  20  12   -0.85
  20  13   -0.79
  20  14   -0.76
  20  15   -0.81
  20  16   -1.04
  20  17   -0.91
  20  18   -0.81
  20  19   -0.79
  20  20   -0.79
  20  21   -0.90
  20  22   -0.81
  20  23   -0.76
  20  24   -0.93
  20  25   -0.80
  20  26   -0.69
  20  27   -0.77
  20  28   -0.76
  20  29   -0.86
  20  30   -0.45
  20  31   -0.04
  21   0    0.00
  21   1    0.00
  21   2    0.00
  21   3    0.65
  21   4    0.24
  21   5    0.29
  21   6    0.02
  21   7   -0.08
  21   8   -0.19
  21   9   -0.20
  21  10   -0.12
  21  11   -0.08
  21  12   -0.07
  21  13   -0.03
  21  14   -0.03
  21  15    0.18
  22   0    0.00
  22   1   -0.38
  22   2   -0.26
  22   3   -0.10
  22   4   -0.10
  22   5   -0.09
  22   6   -0.10
  22   7    0.07
  22   8   -0.27
  22   9   -0.09
  22  10   -0.03
  22  11   -0.12
  22  12   -0.21
  22  13   -0.13
  22  14    0.35
  22  15   -0.08
  23   0    0.00
  23   1    0.00
  23   2    0.00
  23   3    0.00
  23   4    0.00
  23   5    0.00
  23   6    0.00
  23   7    0.00
  23   8    0.00
  23   9    0.00
  23  10    0.00
  23  11    0.00
  23  12    0.00
  23  13    0.00
  23  14    0.00
  23  15    0.00
  24   0    0.00
  24   1    0.00
  24   2    0.00
  24   3    0.00
  24   4    0.00
  24   5    0.00
  24   6    0.00
  24   7    0.00
  24   8    0.00
  24   9    0.00
  24  10    0.00
  24  11    0.00
  24  12    0.00
  24  13    0.00
  24  14    0.00
  24  15    0.00
  24  16    0.00
  24  17    0.00
  24  18    0.00
  24  19    0.00
  24  20    0.00
  24  21    0.00
  24  22    0.00
  24  23    0.00
  24  24    0.00
  24  25    0.00
  24  26    0.00
  24  27    0.00
  24  28    0.00
  24  29    0.00
  24  30    0.00
  24  31    0.00
  25   0    0.00
  25   1   -0.98
  25   2   -0.96
  25   3   -0.91
  25   4   -0.91
  25   5   -0.91
  25   6   -0.82
  25   7   -0.82
  25   8   -1.01
  25   9   -0.67
  25  10    0.00
  25  11   -0.90
  25  12   -0.92
  25  13   -0.85
  25  14   -0.82
  25  15   -0.69
  25  16   -0.76
  25  17   -0.80
  25  18   -0.79
  25  19   -0.85
  25  20   -0.77
  25  21   -0.89
  25  22   -0.61
  25  23   -0.69
  25  24   -0.74
  25  25   -0.65
  25  26   -0.72
  25  27   -0.61
  25  28   -0.54
  25  29   -0.42
  25  30   -0.60
  25  31   -0.15
  26   0    0.00
  26   1    0.00
  26   2    0.00
  26   3    0.00
  26   4    0.00
  26   5    0.00
  26   6    0.00
  26   7    0.00
  26   8    0.00
  26   9    0.00
  26  10    0.00
  26  11    0.00
  26  12    0.00
  26  13    0.00
  26  14    0.00
  26  15    0.00
  26  16    0.00
  26  17    0.00
  26  18    0.00
  26  19    0.00
  26  20    0.00
  26  21    0.00
  26  22    0.00
  26  23    0.00
  26  24    0.00
  26  25    0.00
  26  26    0.00
  26  27    0.00
  26  28    0.00
  26  29    0.00
  26  30    0.00
  26  31    0.00
  27   0    0.00
  27   1   -0.90
  27   2   -0.83
  27   3   -0.87
  27   4   -0.83
  27   5   -0.76
  27   6   -0.86
  27   7   -0.92
  27   8   -0.93
  27   9   -0.89
  27  10   -0.79
  27  11   -0.88
  27  12   -0.82
  27  13   -0.83
  27  14   -0.69
  27  15   -0.66
  27  16   -0.90
  27  17   -0.69
  27  18   -0.87
  27  19   -0.86
  27  20   -0.74
  27  21   -0.84
  27  22   -0.49
  27  23   -0.64
  27  24   -0.80
  27  25   -0.73
  27  26   -0.81
  27  27   -0.30
  27  28   -0.17
  27  29    0.00
  27  30   -0.70
  27  31   -0.36
  28   0    0.00
  28   1    0.00
  28   2    0.00
  28   3    0.00
  28   4    0.00
  28   5    0.00
  28   6    0.00
  28   7    0.00
  28   8    0.00
  28   9    0.00
  28  10    0.00
  28  11    0.00
  28  12    0.00
  28  13    0.00
  28  14    0.00
  28  15    0.00
  28  16    0.00
  28  17    0.00
  28  18    0.00
  28  19    0.00
  28  20    0.00
  28  21    0.00
  28  22    0.00
  28  23    0.00
  28  24    0.00
  28  25    0.00
  28  26    0.00
  28  27    0.00
  28  28    0.00
  28  29    0.00
  28  30    0.00
  28  31    0.00
  29   0    0.00
  29   1   -0.65
  29   2   -0.71
  29   3   -0.79
  29   4   -0.82
  29   5   -0.68
  29   6   -0.66
  29   7   -0.82
  29   8   -0.95
  29   9   -0.78
  29  10   -0.66
  29  11   -0.80
  29  12   -0.83
  29  13   -0.77
  29  14   -0.60
  29  15   -0.45
  29  16   -0.55
  29  17   -0.66
  29  18   -0.76
  29  19   -0.67
  29  20   -0.74
  29  21   -0.49
  29  22   -0.41
  29  23   -0.31
  29  24   -0.69
  29  25   -0.64
  29  26   -0.70
  29  27    0.00
  29  28   -0.59
  29  29   -0.60
  29  30    0.00
  29  31   -0.19
  30   0    0.00
  30   1    0.00
  30   2    0.00
  30   3    0.00
  30   4    0.00
  30   5    0.00
  30   6    0.00
  30   7    0.00
  30   8    0.00
  30   9    0.00
  30  10    0.00
  30  11    0.00
  30  12    0.00
  30  13    0.00
  30  14    0.00
  30  15    0.00
  30  16    0.00
  30  17    0.00
  30  18    0.00
  30  19    0.00
  30  20    0.00
  30  21    0.00
  30  22    0.00
  30  23    0.00
  30  24    0.00
  30  25    0.00
  30  26    0.00
  30  27    0.00
  30  28    0.00
  30  29    0.00
  30  30    0.00
  30  31    0.00
  31   0    0.00
  31   1   -1.19
  31   2   -1.06
  31   3   -1.09
  31   4   -1.06
  31   5   -1.10
  31   6   -0.97
  31   7   -0.96
  31   8   -1.13
  31   9   -1.05
  31  10   -0.97
  31  11   -1.03
  31  12   -1.10
  31  13   -1.01
  31  14   -0.87
  31  15   -0.90
  31  16   -0.93
  31  17   -0.93
  31  18   -0.91
  31  19   -0.90
  31  20   -0.95
  31  21   -0.94
  31  22   -0.95
  31  23   -0.82
  31  24   -0.88
  31  25   -0.86
  31  26   -0.89
  31  27   -0.80
  31  28   -0.99
  31  29   -0.72
  31  30   -0.81
  31  31   -0.24
  32   0    0.00
  32   1    0.00
  32   2    0.00
  32   3    0.00
  32   4    0.00
  32   5    0.00
  32   6    0.00
  32   7    0.00
  32   8    0.00
  32   9    0.00
  32  10    0.00
  32  11    0.00
  32  12    0.00
  32  13    0.00
  32  14    0.00
  32  15    0.00
  32  16    0.00
  32  17    0.00
  32  18    0.00
  32  19    0.00
  32  20    0.00
  32  21    0.00
  32  22    0.00
  32  23    0.00
  32  24    0.00
  32  25    0.00
  32  26    0.00
  32  27    0.00
  32  28    0.00
  32  29    0.00
  32  30    0.00
  32  31    0.00
  33   0    0.00
  33   1   -0.73
  33   2   -0.87
  33   3   -0.81
  33   4   -0.79
  33   5   -0.91
  33   6   -0.94
  33   7   -0.85
  33   8   -0.73
  33   9   -0.88
  33  10   -0.84
  33  11   -0.84
  33  12   -0.74
  33  13   -0.69
  33  14   -0.73
  33  15   -0.63
  33  16   -0.76
  33  17   -0.71
  33  18   -0.66
  33  19   -0.71
  33  20   -0.77
  33  21   -0.47
  33  22   -0.55
  33  23   -0.61
  33  24   -0.72
  33  25   -0.76
  33  26   -0.72
  33  27   -0.38
  33  28   -0.54
  33  29   -0.38
  33  30   -0.37
  33  31   -0.09
  34   0    0.00
  34   1    0.00
  34   2    0.00
  34   3    0.00
  34   4    0.00
  34   5    0.00
  34   6    0.00
  34   7    0.00
  34   8    0.00
  34   9    0.00
  34  10    0.00
  34  11    0.00
  34  12    0.00
  34  13    0.00
  34  14    0.00
  34  15    0.00
  34  16    0.00
  34  17    0.00
  34  18    0.00
  34  19    0.00
  34  20    0.00
  34  21    0.00
  34  22    0.00
  34  23    0.00
  34  24    0.00
  34  25    0.00
  34  26    0.00
  34  27    0.00
  34  28    0.00
  34  29    0.00
  34  30    0.00
  34  31    0.00
  35   0    0.00
  35   1   -0.70
  35   2   -0.89
  35   3   -0.94
  35   4   -0.97
  35   5   -0.96
  35   6   -0.86
  35   7   -0.87
  35   8   -0.99
  35   9   -0.92
  35  10   -0.91
  35  11   -0.84
  35  12   -0.93
  35  13   -0.89
  35  14   -0.73
  35  15   -0.74
  35  16   -0.72
  35  17   -0.93
  35  18   -0.82
  35  19   -0.77
  35  20   -0.86
  35  21   -0.55
  35  22   -0.68
  35  23   -0.76
  35  24   -0.75
  35  25   -0.64
  35  26   -0.65
  35  27   -0.51
  35  28   -0.68
  35  29   -0.72
  35  30   -0.45
  35  31    0.18
  36   0    0.00
  36   1    0.00
  36   2    0.00
  36   3    0.00
  36   4    0.00
  36   5    0.00
  36   6    0.00
  36   7    0.00
  36   8    0.00
  36   9    0.00
  36  10   -0.63
  36  11   -0.54
  36  12   -0.77
  36  13   -0.74
  36  14   -0.69
  36  15   -0.82
  36  16   -0.86
  36  17   -0.77
  36  18   -0.69
  36  19   -0.74
  36  20   -0.66
  36  21    0.00
  36  22   -0.74
  36  23   -0.62
  36  24   -0.50
  36  25   -0.56
  36  26   -0.66
  36  27   -0.72
  36  28   -0.75
  36  29   -0.62
  36  30   -0.64
  36  31   -0.54
  37   0    0.00
  37   1    0.00
  37   2    0.00
  37   3    0.00
  37   4    0.00
  37   5    0.00
  37   6    0.00
  37   7    0.00
  37   8    0.00
  37   9    0.00
  37  10    0.00
  37  11    0.00
  37  12   -0.35
  37  13   -0.64
  37  14   -0.45
  37  15   -0.62
  37  16   -0.66
  37  17   -0.69
  37  18   -0.80
  37  19   -0.73
  37  20   -0.68
  37  21   -0.79
  37  22   -0.58
  37  23   -0.58
  37  24   -0.64
  37  25   -0.60
  37  26   -0.76
  37  27   -0.56
  37  28   -0.60
  37  29   -0.56
  37  30   -0.60
  37  31   -0.48
  38   0    0.00
  38   1    0.00
  38   2    0.00
  38   3    0.00
  38   4    0.00
  38   5    0.00
  38   6    0.00
  38   7    0.00
  38   8    0.00
  38   9    0.00
  38  10    0.00
  38  11    0.00
  38  12   -0.51
  38  13   -0.27
  38  14   -0.49
  38  15   -0.30
  38  16   -0.66
  38  17   -0.39
  38  18   -0.46
  38  19   -0.36
  38  20   -0.48
  38  21   -0.42
  38  22   -0.42
  38  23   -0.44
  38  24   -0.44
  38  25   -0.40
  38  26   -0.25
  38  27   -0.31
  38  28   -0.50
  38  29   -0.26
  38  30   -0.25
  38  31   -0.41
  39   0    0.00
  39   1    0.00
  39   2    0.00
  39   3    0.00
  39   4    0.00
  39   5    0.00
  39   6    0.00
  39   7    0.00
  39   8    0.00
  39   9   -0.54
  39  10   -0.36
  39  11   -0.53
  39  12   -0.53
  39  13   -0.56
  39  14   -0.54
  39  15   -0.53
  39  16   -0.59
  39  17   -0.36
  39  18    0.00
  39  19   -0.67
  39  20   -0.62
  39  21   -0.46
  39  22   -0.43
  39  23   -0.44
  39  24   -0.53
  39  25   -0.34
  39  26    0.00
  39  27   -0.56
  39  28   -0.45
  39  29   -0.36
  39  30   -0.56
  39  31   -0.65
  40   0    0.00
  40   1    0.00
  40   2    0.00
  40   3    0.00
  40   4    0.00
  40   5    0.00
  40   6    0.00
  40   7    0.00
  40   8    0.00
  40   9    0.00
  40  10    0.00
  40  11   -0.41
  40  12   -0.53
  40  13   -0.69
  40  14   -0.62
  40  15   -0.61
  40  16   -0.56
  40  17   -0.67
  40  18   -0.68
  40  19   -0.75
  40  20   -0.60
  40  21   -0.66
  40  22   -0.57
  40  23   -0.59
  40  24   -0.53
  40  25   -0.53
  40  26   -0.58
  40  27   -0.55
  40  28   -0.61
  40  29   -0.51
  40  30   -0.61
  40  31   -0.59
  41   0    0.00
  41   1    0.00
  41   2    0.00
  41   3    0.00
  41   4    0.00
  41   5    0.00
  41   6    0.00
  41   7    0.00
  41   8    0.00
  41   9    0.00
  41  10    0.00
  41  11    0.00
  41  12    0.00
  41  13    0.00
  41  14    0.00
  41  15    0.00
  41  16    0.00
  41  17    0.00
  41  18    0.00
  41  19   -0.61
  41  20   -0.48
  41  21   -0.48
  41  22   -0.33
  41  23   -0.26
  41  24   -0.47
  41  25   -0.48
  41  26   -0.22
  41  27   -0.27
  41  28   -0.46
  41  29   -0.26
  41  30   -0.14
  41  31   -0.45
  42   0    0.05
  42   1    0.12
  42   2    0.61
  42   3    0.37
  42   4    0.32
  42   5    0.34
  42   6    0.53
  42   7    0.50
  42   8    0.30
  42   9    0.42
  42  10    0.34
  42  11    0.43
  42  12    0.51
  42  13    0.43
  42  14    0.48
  42  15    0.71
  43   0    0.04
  43   1    0.42
  43   2    0.81
  43   3    1.27
  43   4    0.88
  43   5    0.75
  43   6    0.89
  43   7    1.03
  43   8    0.87
  43   9    1.00
  43  10    1.05
  43  11    0.94
  43  12    1.07
  43  13    1.20
  43  14    1.34
  43  15    1.65
  44   0   -0.42
  44   1   -0.12
  44   2    0.11
  44   3    0.51
  44   4   -0.04
  44   5   -0.33
  44   6   -0.27
  44   7    0.15
  44   8   -0.23
  44   9   -0.33
  44  10   -0.23
  44  11   -0.33
  44  12    0.01
  44  13   -0.17
  44  14    0.17
  44  15    0.61
  45   0    0.17
  45   1    0.55
  45   2    0.72
  45   3    1.03
  45   4    0.79
  45   5    0.68
  45   6    0.69
  45   7    0.78
  45   8    0.63
  45   9    0.65
  45  10    0.64
  45  11    0.68
  45  12    0.73
  45  13    0.79
  45  14    1.05
  45  15    1.38
  46   0   -0.44
  46   1   -0.33
  46   2   -0.15
  46   3    0.19
  46   4   -0.21
  46   5   -0.18
  46   6   -0.14
  46   7   -0.20
  46   8   -0.23
  46   9   -0.21
  46  10   -0.22
  46  11   -0.16
  46  12   -0.18
  46  13   -0.03
  46  14    0.05
  46  15    0.46
  47   0    0.73
  47   1    0.68
  47   2    0.77
  47   3    0.65
  47   4    0.59
  47   5    0.82
  47   6    0.84
  47   7    0.93
  47   8    0.76
  47   9    0.84
  47  10    0.79
  47  11    0.75
  47  12    0.77
  47  13    0.96
  47  14    1.05
  47  15    1.18
  48   0    0.00
  48   1    0.08
  48   2    0.00
  48   3    0.09
  48   4    0.30
  48   5    0.34
  48   6    0.00
  48   7    0.19
  48   8    0.05
  48   9    0.29
  48  10    0.29
  48  11    0.30
  48  12    0.30
  48  13    0.35
  48  14    0.00
  48  15    0.00
  49   0    0.00
  49   1    0.00
  49   2    0.00
  49   3    0.00
  49   4    0.00
  49   5   -0.26
  49   6   -0.17
  49   7   -0.21
  49   8   -0.26
  49   9   -0.18
  49  10    0.00
  49  11   -0.32
  49  12   -0.26
  49  13   -0.23
  49  14   -0.16
  49  15    0.00
  50   0    0.00
  50   1    0.00
  50   2    0.00
  50   3    0.00
  50   4    0.00
  50   5    0.00
  50   6    0.00
  50   7    0.00
  50   8    0.00
  50   9    0.00
  50  10    0.00
  50  11    0.00
  50  12    0.00
  50  13    0.00
  50  14    0.00
  50  15    0.00
  51   0    0.00
  51   1   -0.26
  51   2   -0.57
  51   3   -0.54
  51   4   -0.57
  51   5   -0.50
  51   6   -0.53
  51   7    0.00
  51   8   -0.56
  51   9   -0.74
  51  10   -0.67
  51  11   -0.61
  51  12   -0.63
  51  13   -0.54
  51  14   -0.60
  51  15   -0.42
  51  16   -0.37
  51  17   -0.55
  51  18   -0.83
  51  19   -0.59
  51  20   -0.65
  51  21   -0.45
  51  22   -0.72
  51  23   -0.28
  51  24   -0.58
  51  25   -0.39
  51  26    0.00
  51  27    0.00
  51  28    0.00
  51  29   -0.58
  51  30    0.00
  51  31   -0.07
  52   0    0.00
  52   1    0.00
  52   2    0.00
  52   3    0.00
  52   4    0.00
  52   5    0.00
  52   6    0.00
  52   7    0.00
  52   8    0.00
  52   9    0.00
  52  10    0.00
  52  11    0.00
  52  12    0.00
  52  13    0.00
  52  14    0.00
  52  15    0.00
  52  16    0.00
  52  17    0.00
  52  18    0.00
  52  19    0.00
  52  20    0.00
  52  21    0.00
  52  22    0.00
  52  23    0.00
  52  24    0.00
  52  25    0.00
  52  26    0.00
  52  27    0.00
  52  28    0.00
  52  29    0.00
  52  30    0.00
  52  31    0.00
  53   0    0.00
  53   1    0.00
  53   2    0.00
  53   3    0.00
  53   4    0.00
  53   5    0.00
  53   6    0.00
  53   7    0.00
  53   8    0.00
  53   9    0.00
  53  10    0.00
  53  11    0.00
  53  12    0.00
  53  13    0.00
  53  14    0.00
  53  15    0.00
  54   0    0.00
  54   1    0.00
  54   2    0.00
  54   3    0.00
  54   4    0.00
  54   5    0.00
  54   6    0.00
  54   7    0.00
  54   8    0.00
  54   9    0.00
  54  10    0.00
  54  11    0.00
  54  12    0.00
  54  13    0.00
  54  14    0.00
  54  15    0.00
  55   0    0.00
  55   1    0.00
  55   2    0.00
  55   3    0.00
  55   4    0.00
  55   5    0.00
  55   6    0.00
  55   7    0.00
  55   8    0.00
  55   9    0.00
  55  10    0.00
  55  11    0.00
  55  12    0.00
  55  13    0.00
  55  14    0.00
  55  15    0.00
  56   0    0.00
  56   1    0.00
  56   2    0.00
  56   3    0.00
  56   4    0.00
  56   5    0.00
  56   6    0.00
  56   7    0.00
  56   8    0.00
  56   9    0.00
  56  10    0.00
  56  11    0.00
  56  12    0.00
  56  13    0.00
  56  14    0.00
  56  15    0.00
  57   0    0.00
  57   1    0.00
  57   2    0.00
  57   3    0.00
  57   4    0.00
  57   5    0.00
  57   6    0.00
  57   7    0.00
  57   8    0.00
  57   9    0.00
  57  10    0.00
  57  11    0.00
  57  12    0.00
  57  13    0.00
  57  14    0.00
  57  15    0.00
  58   0    0.00
  58   1    0.00
  58   2    0.00
  58   3    0.00
  58   4    0.00
  58   5    0.00
  58   6    0.00
  58   7    0.00
  58   8    0.00
  58   9    0.00
  58  10    0.00
  58  11    0.00
  58  12    0.00
  58  13    0.00
  58  14    0.00
  58  15    0.00
