31 -436 64 -825
30 -436 53 -825
29 -436 42 -825
28 -436 31 -825
27 -436 20 -825
26 -436 9 -825
25 -436 -2 -825
24 -436 -13 -825
23 -436 -24 -825
22 -436 -35 -825
21 -436 -46 -825
20 -436 -57 -825
19 -436 -68 -825
18 -436 -79 -825
17 -436 -90 -825
16 -436 -101 -825
15 -436 -112 -825
14 -436 -123 -825
13 -436 -134 -825
12 -436 -145 -825
11 -436 -156 -825
10 -436 -167 -825
9 -436 -178 -825
8 -436 -189 -825
7 -436 -200 -825
6 -436 -211 -825
5 -436 -222 -825
4 -436 -233 -825
3 -436 -244 -825
2 -436 -255 -825
1 -436 -266 -825
0 -436 -277 -825
