31 -436 64 -350
30 -436 53 -350
29 -436 42 -350
28 -436 31 -350
27 -436 20 -350
26 -436 9 -350
25 -436 -2 -350
24 -436 -13 -350
23 -436 -24 -350
22 -436 -35 -350
21 -436 -46 -350
20 -436 -57 -350
19 -436 -68 -350
18 -436 -79 -350
17 -436 -90 -350
16 -436 -101 -350
15 -436 -112 -350
14 -436 -123 -350
13 -436 -134 -350
12 -436 -145 -350
11 -436 -156 -350
10 -436 -167 -350
9 -436 -178 -350
8 -436 -189 -350
7 -436 -200 -350
6 -436 -211 -350
5 -436 -222 -350
4 -436 -233 -350
3 -436 -244 -350
2 -436 -255 -350
1 -436 -266 -350
0 -436 -277 -350
