31 -436 405 -430
30 -436 394 -430
29 -436 383 -430
28 -436 372 -430
27 -436 361 -430
26 -436 350 -430
25 -436 339 -430
24 -436 328 -430
23 -436 317 -430
22 -436 306 -430
21 -436 295 -430
20 -436 284 -430
19 -436 273 -430
18 -436 262 -430
17 -436 251 -430
16 -436 240 -430
15 -436 229 -430
14 -436 218 -430
13 -436 207 -430
12 -436 196 -430
11 -436 185 -430
10 -436 174 -430
9 -436 163 -430
8 -436 152 -430
7 -436 141 -430
6 -436 130 -430
5 -436 119 -430
4 -436 108 -430
3 -436 97 -430
2 -436 86 -430
1 -436 75 -430
0 -436 64 -430
