Plane	Strip	Efrain_Shift	Old_Shift
=====================================================
0	0	-11.9	-11.9
0	1	-0.0117188	-0.0311384
0	2	0.0820312	0.0443892
0	3	-0.09375	-0.112401
0	4	-0.09375	-0.117532
0	5	-0.0585938	-0.078125
0	6	0.0585938	0.0354864
0	7	-0.0820312	-0.0771339
0	8	0.105469	0.323438
0	9	-0.0234375	-0.0328455
0	10	0.046875	0.00585937
0	11	-0.0117188	-0.0117187
0	12	0.0351562	0.0103795
0	13	-0.0351562	-0.0296224
0	14	0.0703125	0.0232677
0	15	-0.0703125	-0.0748981
0	16	0.0703125	0.0742188
0	17	-0.0234375	-0.0358165
0	18	0.0351562	-0.00472248
0	19	0.0585938	0.050071
0	20	-0.046875	0.186523
0	21	-0.0351562	-0.0641908
0	22	0.0703125	0.00874256
0	23	0	0.808594
0	24	0	0
0	25	0	0
0	26	0	0
0	27	0	0
0	28	0	0
0	29	0	0
0	30	0	0
0	31	0	0
0	32	0	0
0	33	0	0
0	34	0	0
0	35	0	0
0	36	0	0
0	37	0	0
0	38	0	0
0	39	0	0
0	40	0	0
0	41	0	0
0	42	0	0
0	43	0	0
0	44	0	0
0	45	0	0
0	46	0	0
0	47	-11.9	-11.9
1	0	-11.9	-11.9
1	1	0.152344	0.144742
1	2	0.199219	0.199219
1	3	0.105469	0.105148
1	4	0.175781	0.175781
1	5	0.117188	0.10319
1	6	0.222656	0.191981
1	7	0.164062	0.159728
1	8	0.152344	0.144206
1	9	0.09375	0.0728463
1	10	0.1875	0.197545
1	11	0.105469	0.103431
1	12	0.164062	0.15062
1	13	0.0117188	0.0117188
1	14	0.046875	0.0344866
1	15	0.0234375	0.0262434
1	16	0.09375	0.104779
1	17	0	0.00561858
1	18	0.117188	0.110826
1	19	0.0820312	0.0651042
1	20	0.105469	0.0991721
1	21	0.0234375	0.0361607
1	22	0.0234375	0.0260937
1	23	0.046875	0.0672991
1	24	0.1875	0.184844
1	25	0.0820312	0.0874893
1	26	0.164062	0.153949
1	27	0.0820312	0.0666203
1	28	0.140625	0.125651
1	29	0.09375	0.0968001
1	30	0.105469	0.119595
1	31	0.140625	0.110795
1	32	0.164062	0.108617
1	33	0.0351562	0.0467001
1	34	0.164062	0.152344
1	35	-0.0117188	-0.0428571
1	36	0.128906	0.14045
1	37	0.105469	0.0830966
1	38	0.1875	0.163893
1	39	0.046875	0.0613511
1	40	0.152344	0.144761
1	41	0.0820312	0.0616958
1	42	0.105469	0.0809659
1	43	0.152344	0.157392
1	44	0.222656	0.206706
1	45	0.046875	0.018821
1	46	0.105469	0.0512695
1	47	-11.9	-11.9
2	0	-11.9	-11.9
2	1	0.175781	0.170573
2	2	0.175781	0.175781
2	3	0.164062	0.165039
2	4	0.292969	0.286133
2	5	0.128906	0.144959
2	6	0.304688	0.315755
2	7	0.222656	0.222656
2	8	0.210938	0.227793
2	9	0.140625	0.140625
2	10	0.269531	0.259079
2	11	0.0820312	0.0865885
2	12	0.1875	0.205078
2	13	0.0703125	0.0922215
2	14	0.140625	0.14589
2	15	0.105469	0.124888
2	16	0.1875	0.191636
2	17	0.046875	0.0184152
2	18	0.152344	0.14614
2	19	0.09375	0.0845947
2	20	0.175781	0.181063
2	21	0.09375	0.0910457
2	22	0.0820312	0.0951948
2	23	0.0703125	0.0647786
2	24	0.0234375	0.0388927
2	25	0.0351562	0.0252531
2	26	0.0351562	0.0344351
2	27	-0.046875	-0.0529688
2	28	0	-0.0134421
2	29	0.0117188	0.0234375
2	30	0.0820312	0.0653872
2	31	0	-0.0261161
2	32	0.105469	0.0914062
2	33	0.046875	-0.00900136
2	34	0.117188	0.0925946
2	35	-0.0234375	-0.022433
2	36	0.164062	0.152009
2	37	0.0351562	0.0723805
2	38	0.152344	0.146397
2	39	0.0234375	0.0438616
2	40	0.140625	0.108267
2	41	0.09375	0.101116
2	42	0.0703125	0.0710227
2	43	0.046875	0.0716912
2	44	0.105469	0.0965559
2	45	0	0.0151654
2	46	0.574219	0.342901
2	47	-11.9	-11.9
3	0	-11.9	-11.9
3	1	0.0703125	0.0267541
3	2	0.0820312	0.151088
3	3	-0.164062	-0.138707
3	4	-0.046875	0.0244655
3	5	0	0.0751616
3	6	0.175781	0.0548931
3	7	0.09375	0.0173611
3	8	0.0585938	0.0892137
3	9	-0.0351562	0.00046875
3	10	0.0585938	0.0834375
3	11	0.128906	0.088199
3	12	0.152344	0.122738
3	13	0.128906	0.0486111
3	14	0.152344	0.0789742
3	15	-0.140625	-0.12066
3	16	-0.410156	0.0260417
3	17	-0.046875	0.0770445
3	18	0.0234375	0.0830729
3	19	0.0703125	0.0336914
3	20	0.105469	0.142728
3	21	0.0820312	0.0385861
3	22	0.0117188	-0.00868056
3	23	0.09375	-0.0122638
3	24	0	0
3	25	0	0
3	26	0	0
3	27	0	0
3	28	0	0
3	29	0	0
3	30	0	0
3	31	0	0
3	32	0	0
3	33	0	0
3	34	0	0
3	35	0	0.0351562
3	36	0	0
3	37	0	0
3	38	0	0
3	39	0	0
3	40	0	0
3	41	0	0
3	42	0	0
3	43	0	0
3	44	0	0
3	45	0	0
3	46	0	0
3	47	-11.9	-11.9
4	0	-11.9	-11.9
4	1	0.152344	0.247266
4	2	0.140625	0.25973
4	3	0.046875	0.107993
4	4	0.175781	0.269134
4	5	0.117188	0.214203
4	6	0.152344	0.21804
4	7	0.0585938	0.184766
4	8	0.28125	0.410156
4	9	0.117188	0.204133
4	10	0.164062	0.28327
4	11	0.105469	0.185547
4	12	0.246094	0.361903
4	13	0.105469	0.21224
4	14	0.164062	0.271094
4	15	0.105469	0.161565
4	16	0.1875	0.285979
4	17	0.0820312	0.178855
4	18	0.140625	0.237537
4	19	0.0703125	0.203331
4	20	0.234375	0.398437
4	21	0.0703125	0.18548
4	22	0.0351562	0.128112
4	23	0.140625	0.240234
4	24	0.257812	0.329515
4	25	0.257812	0.344531
4	26	0.1875	0.262615
4	27	0.222656	0.268709
4	28	0.222656	0.338728
4	29	0.09375	0.24375
4	30	0.316406	0.415234
4	31	0.175781	0.298921
4	32	0.234375	0.314062
4	33	0.222656	0.332166
4	34	0.246094	0.403338
4	35	0.0585938	0.202202
4	36	0.175781	0.353299
4	37	0.117188	0.143153
4	38	0.117188	0.222656
4	39	0.0351562	0.240469
4	40	0.0703125	0.175781
4	41	-0.0351562	0.0678879
4	42	0.199219	0.310965
4	43	0.0820312	0.168706
4	44	0.117188	0.242556
4	45	0.105469	0.265395
4	46	0	0.00450721
4	47	-11.9	-11.9
5	0	-11.9	-11.9
5	1	-0.210938	-0.222321
5	2	-0.164062	-0.171929
5	3	-0.0351562	-0.0676339
5	4	-0.164062	-0.196806
5	5	-0.046875	-0.0745443
5	6	-0.246094	-0.270522
5	7	-0.09375	-0.0967234
5	8	-0.164062	-0.192947
5	9	-0.152344	-0.177505
5	10	-0.210938	-0.222331
5	11	-0.09375	-0.142833
5	12	-0.175781	-0.23744
5	13	0.0234375	0.0189811
5	14	-0.046875	-0.0488281
5	15	-0.0351562	-0.0416667
5	16	-0.0117188	-0.0382583
5	17	0.0585938	0.0268842
5	18	-0.140625	-0.156901
5	19	0.09375	0.0450594
5	20	-0.046875	-0.0803329
5	21	-0.0351562	-0.0757346
5	22	0.09375	0.0616508
5	23	0.0585938	0.0376803
5	24	0.0234375	0.0182292
5	25	0.0117188	-0.0255055
5	26	-0.046875	-0.0893555
5	27	0.128906	0.0885216
5	28	-0.0117188	-0.0297215
5	29	0.0703125	0.049977
5	30	-0.0234375	-0.0420496
5	31	0.0234375	-0.00568182
5	32	-0.046875	-0.0723805
5	33	0.046875	0.0355114
5	34	0.046875	0.0457196
5	35	0.0117188	-0.0271205
5	36	0.0117188	-0.0113689
5	37	-0.0117188	-0.0110294
5	38	0	-0.972656
5	39	0.0820312	0.0158548
5	40	-0.0820312	-0.0919344
5	41	0.0234375	0.00915527
5	42	-0.117188	-0.121974
5	43	-0.0351562	-0.0481771
5	44	-0.128906	-0.124945
5	45	-0.0234375	-0.0219927
5	46	-0.0234375	-0.0515625
5	47	-11.9	-11.9
6	0	-11.9	-11.9
6	1	-0.1875	-0.207031
6	2	-0.140625	-0.168189
6	3	-0.128906	-0.158118
6	4	-0.199219	-0.209987
6	5	-0.128906	-0.161917
6	6	-0.269531	-0.288017
6	7	-0.152344	-0.180733
6	8	-0.257812	-0.289714
6	9	-0.210938	-0.252455
6	10	-0.269531	-0.31808
6	11	-0.1875	-0.203125
6	12	-0.1875	-0.213988
6	13	-0.140625	-0.161529
6	14	-0.199219	-0.24308
6	15	-0.128906	-0.139675
6	16	-0.175781	-0.175781
6	17	-0.0703125	-0.0703125
6	18	-0.222656	-0.239822
6	19	-0.0351562	-0.0342061
6	20	-0.164062	-0.207711
6	21	-0.09375	-0.0865261
6	22	-0.0820312	-0.0832981
6	23	-0.128906	-0.174176
6	24	-0.339844	-0.350929
6	25	-0.375	-0.360677
6	26	-0.328125	-0.334635
6	27	-0.234375	-0.229624
6	28	-0.398438	-0.412914
6	29	-0.222656	-0.216488
6	30	-0.410156	-0.412404
6	31	-0.28125	-0.291363
6	32	-0.316406	-0.339844
6	33	-0.269531	-0.279805
6	34	-0.316406	-0.32194
6	35	-0.257812	-0.263514
6	36	-0.328125	-0.330078
6	37	-0.292969	-0.295279
6	38	-0.410156	-0.373092
6	39	-0.222656	-0.228041
6	40	-0.433594	-0.428457
6	41	-0.316406	-0.313058
6	42	-0.386719	-0.398268
6	43	-0.363281	-0.345125
6	44	-0.480469	-0.489337
6	45	-0.339844	-0.348958
6	46	-0.375	-0.374268
6	47	-11.9	-11.9
7	0	-11.9	-11.9
7	1	0.046875	0.046875
7	2	0.0117188	0.023112
7	3	0.164062	0.164062
7	4	0.0351562	0.0351562
7	5	0.0703125	0.0703125
7	6	0.0117188	0.0117187
7	7	0.0703125	0.0703125
7	8	-0.0351562	-0.0351563
7	9	0.140625	0.140625
7	10	0.0117188	0.0212204
7	11	0.0703125	0.0703125
7	12	-0.0703125	-0.0703125
7	13	0.128906	0.138672
7	14	0.105469	0.116554
7	15	0.0351562	0.0424409
7	16	0.046875	0.046875
7	17	0.117188	0.12698
7	18	-0.105469	-0.105469
7	19	-0.0234375	-0.00260417
7	20	-0.0585938	-0.0585938
7	21	-0.0585938	-0.0547931
7	22	-0.0117188	-0.00190034
7	23	0.0703125	0.0736836
7	24	-0.09375	-0.09375
7	25	-0.046875	-0.0563463
7	26	-0.0351562	-0.0351562
7	27	-0.0117188	-0.0117187
7	28	-0.0585938	-0.0671453
7	29	0.0117188	0.0117188
7	30	-0.164062	-0.167546
7	31	-0.0351562	-0.0212918
7	32	-0.152344	-0.149775
7	33	-0.09375	-0.0826563
7	34	-0.1875	-0.192287
7	35	-0.0234375	-0.0208333
7	36	-0.117188	-0.105804
7	37	0.0703125	0.0733259
7	38	-0.0585938	-0.0555804
7	39	-0.0117188	-0.0193201
7	40	-0.0585938	-0.0487753
7	41	0.09375	0.0790603
7	42	-0.117188	-0.117187
7	43	-0.046875	-0.0426432
7	44	-0.117188	-0.128264
7	45	-0.0703125	-0.070473
7	46	-0.0585938	-0.0608724
7	47	-11.9	-11.9
8	0	-11.9	-11.9
8	1	0	0.738281
8	2	0	0
8	3	0	0
8	4	0	0
8	5	0	0
8	6	0	0
8	7	0	0
8	8	0	0
8	9	0	0
8	10	0	0
8	11	0	0
8	12	0	0
8	13	0	0
8	14	0	0
8	15	0	0
8	16	0	0
8	17	0	0
8	18	0	0
8	19	0	0
8	20	0	0
8	21	0	0
8	22	0	0
8	23	0	0
8	24	0	0
8	25	0	0
8	26	0	0
8	27	0	0
8	28	0	0
8	29	0	0
8	30	0	0
8	31	0	0
8	32	0	0
8	33	0	0.972656
8	34	0	0
8	35	0	0
8	36	0	0
8	37	0	0
8	38	0	0.105469
8	39	0	0.667969
8	40	0	0
8	41	0	0
8	42	0	0
8	43	0	0
8	44	0	0
8	45	0	0
8	46	0	0
8	47	-11.9	-11.9
9	0	-11.9	-11.9
9	1	0	0
9	2	0	0
9	3	0	0
9	4	0	0
9	5	0	0
9	6	0	0
9	7	0	0
9	8	0	0
9	9	0	0
9	10	0	0
9	11	0	0
9	12	0	0
9	13	0	0
9	14	0	0
9	15	0	0
9	16	0	0
9	17	0	0
9	18	0	0
9	19	0	0
9	20	0	0
9	21	0	0
9	22	0	0
9	23	0	0
9	24	0	0
9	25	0	0
9	26	0	0
9	27	0	0
9	28	0	0
9	29	0	0
9	30	0	0
9	31	0	0
9	32	0	0
9	33	0	0
9	34	0	0
9	35	0	0
9	36	0	0
9	37	0	0
9	38	0	0
9	39	0	0
9	40	0	0
9	41	0	0
9	42	0	0
9	43	0	0
9	44	0	0
9	45	0	0
9	46	0	0
9	47	-11.9	-11.9
