Plane	Strip	Efrain_Correction	Old_Correction
=====================================================
0	0	-11.9	-11.9
0	1	21.6659	21.782
0	2	21.7042	21.782
0	3	21.7346	21.782
0	4	21.6715	21.782
0	5	21.6956	21.782
0	6	21.7666	21.782
0	7	21.7632	21.782
0	8	18.9912	21.782
0	9	21.7213	21.782
0	10	21.6477	21.782
0	11	21.6679	21.782
0	12	21.6829	21.782
0	13	21.6642	21.782
0	14	21.6426	21.782
0	15	21.721	21.782
0	16	21.6752	21.782
0	17	21.6748	21.782
0	18	21.615	21.782
0	19	21.6584	21.782
0	20	21.5115	21.782
0	21	21.5936	21.782
0	22	21.668	21.782
0	23	21.782	21.782
0	24	21.782	21.782
0	25	21.782	21.782
0	26	21.782	21.782
0	27	21.782	21.782
0	28	21.782	21.782
0	29	21.782	21.782
0	30	21.782	21.782
0	31	21.782	21.782
0	32	21.782	21.782
0	33	21.782	21.782
0	34	21.782	21.782
0	35	21.782	21.782
0	36	21.782	21.782
0	37	21.782	21.782
0	38	21.782	21.782
0	39	21.782	21.782
0	40	21.782	21.782
0	41	21.782	21.782
0	42	21.782	21.782
0	43	21.782	21.782
0	44	21.782	21.782
0	45	21.782	21.782
0	46	21.782	21.782
0	47	21.782	21.782
1	0	-11.9	-11.9
1	1	21.6091	21.782
1	2	21.6328	21.782
1	3	21.6839	21.782
1	4	21.7059	21.782
1	5	21.6459	21.782
1	6	21.741	21.782
1	7	21.606	21.782
1	8	21.6664	21.782
1	9	21.5786	21.782
1	10	21.6124	21.782
1	11	21.6295	21.782
1	12	21.595	21.782
1	13	21.699	21.782
1	14	21.6282	21.782
1	15	21.7411	21.782
1	16	21.5381	21.782
1	17	21.7076	21.782
1	18	21.6389	21.782
1	19	21.6614	21.782
1	20	21.7443	21.782
1	21	21.6614	21.782
1	22	21.6167	21.782
1	23	21.604	21.782
1	24	21.7263	21.782
1	25	21.7356	21.782
1	26	21.6852	21.782
1	27	21.7884	21.782
1	28	22.0577	21.782
1	29	21.6363	21.782
1	30	21.5985	21.782
1	31	21.5934	21.782
1	32	21.7258	21.782
1	33	21.7014	21.782
1	34	21.6614	21.782
1	35	21.6167	21.782
1	36	21.5959	21.782
1	37	21.6583	21.782
1	38	21.8566	21.782
1	39	21.5785	21.782
1	40	21.6223	21.782
1	41	21.5203	21.782
1	42	21.7503	21.782
1	43	21.651	21.782
1	44	21.5661	21.782
1	45	21.6554	21.782
1	46	21.6854	21.782
1	47	21.782	21.782
2	0	-11.9	-11.9
2	1	21.649	21.782
2	2	21.6618	21.782
2	3	21.6393	21.782
2	4	21.6219	21.782
2	5	21.6137	21.782
2	6	21.6804	21.782
2	7	21.6265	21.782
2	8	21.6393	21.782
2	9	21.6673	21.782
2	10	21.6679	21.782
2	11	21.6573	21.782
2	12	21.6648	21.782
2	13	21.7314	21.782
2	14	21.6443	21.782
2	15	21.6718	21.782
2	16	21.7369	21.782
2	17	21.7353	21.782
2	18	21.6586	21.782
2	19	21.6651	21.782
2	20	21.7135	21.782
2	21	21.734	21.782
2	22	21.6534	21.782
2	23	21.6937	21.782
2	24	21.5307	21.782
2	25	21.7678	21.782
2	26	21.5965	21.782
2	27	21.6762	21.782
2	28	21.6754	21.782
2	29	21.5993	21.782
2	30	21.5412	21.782
2	31	21.6464	21.782
2	32	21.7619	21.782
2	33	21.6491	21.782
2	34	21.6824	21.782
2	35	21.748	21.782
2	36	21.8236	21.782
2	37	21.6692	21.782
2	38	21.7175	21.782
2	39	21.649	21.782
2	40	21.7494	21.782
2	41	21.7484	21.782
2	42	21.7626	21.782
2	43	21.7278	21.782
2	44	21.511	21.782
2	45	21.631	21.782
2	46	22.2602	21.782
2	47	21.782	21.782
3	0	-11.9	-11.9
3	1	22.9881	21.782
3	2	17.9296	21.782
3	3	23.8861	21.782
3	4	21.205	21.782
3	5	22.4792	21.782
3	6	24.5179	21.782
3	7	26.8567	21.782
3	8	8.61165	21.782
3	9	31.3894	21.782
3	10	22.5049	21.782
3	11	23.4327	21.782
3	12	20.0609	21.782
3	13	24.0718	21.782
3	14	23.4772	21.782
3	15	21.5252	21.782
3	16	22.4447	21.782
3	17	24.8604	21.782
3	18	9.78348	21.782
3	19	24.9026	21.782
3	20	26.7976	21.782
3	21	20.4773	21.782
3	22	23.4352	21.782
3	23	22.8831	21.782
3	24	21.782	21.782
3	25	21.782	21.782
3	26	21.782	21.782
3	27	21.782	21.782
3	28	21.782	21.782
3	29	21.782	21.782
3	30	21.782	21.782
3	31	21.782	21.782
3	32	21.782	21.782
3	33	21.782	21.782
3	34	21.782	21.782
3	35	21.782	21.782
3	36	21.782	21.782
3	37	21.782	21.782
3	38	21.782	21.782
3	39	21.782	21.782
3	40	21.782	21.782
3	41	21.782	21.782
3	42	21.782	21.782
3	43	21.782	21.782
3	44	21.782	21.782
3	45	21.782	21.782
3	46	21.782	21.782
3	47	21.782	21.782
4	0	-11.9	-11.9
4	1	16.4677	21.782
4	2	21.6093	21.782
4	3	21.7162	21.782
4	4	21.8087	21.782
4	5	21.6487	21.782
4	6	21.5804	21.782
4	7	21.7193	21.782
4	8	21.5219	21.782
4	9	21.6588	21.782
4	10	21.6772	21.782
4	11	21.7579	21.782
4	12	21.7179	21.782
4	13	-33.542	21.782
4	14	-2.6379	21.782
4	15	21.877	21.782
4	16	21.5988	21.782
4	17	21.8137	21.782
4	18	21.7882	21.782
4	19	21.5756	21.782
4	20	21.9207	21.782
4	21	22.0343	21.782
4	22	21.6513	21.782
4	23	-91.1333	21.782
4	24	21.7927	21.782
4	25	21.5592	21.782
4	26	-16.7857	21.782
4	27	21.2653	21.782
4	28	21.9539	21.782
4	29	-32.4145	21.782
4	30	22.1385	21.782
4	31	21.794	21.782
4	32	21.5531	21.782
4	33	13.6987	21.782
4	34	21.8341	21.782
4	35	4.93419	21.782
4	36	-22.4318	21.782
4	37	21.9062	21.782
4	38	12.3608	21.782
4	39	21.9159	21.782
4	40	21.7552	21.782
4	41	21.6947	21.782
4	42	22.0336	21.782
4	43	21.8788	21.782
4	44	21.9134	21.782
4	45	21.8351	21.782
4	46	6.15079	21.782
4	47	21.782	21.782
5	0	-11.9	-11.9
5	1	21.6403	21.782
5	2	21.7133	21.782
5	3	21.7906	21.782
5	4	21.6848	21.782
5	5	21.6668	21.782
5	6	21.7344	21.782
5	7	21.7055	21.782
5	8	21.6776	21.782
5	9	21.7088	21.782
5	10	21.6585	21.782
5	11	21.6688	21.782
5	12	21.7421	21.782
5	13	21.6103	21.782
5	14	21.6988	21.782
5	15	21.6867	21.782
5	16	21.712	21.782
5	17	21.7242	21.782
5	18	21.6767	21.782
5	19	21.7602	21.782
5	20	21.6714	21.782
5	21	21.69	21.782
5	22	21.7395	21.782
5	23	21.6939	21.782
5	24	21.6609	21.782
5	25	21.6895	21.782
5	26	21.6045	21.782
5	27	21.624	21.782
5	28	21.6599	21.782
5	29	21.6833	21.782
5	30	21.7055	21.782
5	31	21.6117	21.782
5	32	21.6221	21.782
5	33	21.6043	21.782
5	34	21.7171	21.782
5	35	21.7047	21.782
5	36	21.6798	21.782
5	37	21.6516	21.782
5	38	43.7432	21.782
5	39	21.6848	21.782
5	40	21.658	21.782
5	41	21.6391	21.782
5	42	21.6216	21.782
5	43	21.6331	21.782
5	44	21.6504	21.782
5	45	21.6953	21.782
5	46	21.7476	21.782
5	47	21.782	21.782
6	0	-11.9	-11.9
6	1	21.7657	21.782
6	2	21.724	21.782
6	3	21.7148	21.782
6	4	21.7362	21.782
6	5	21.7446	21.782
6	6	21.7193	21.782
6	7	21.7367	21.782
6	8	21.7639	21.782
6	9	21.7054	21.782
6	10	21.7768	21.782
6	11	21.759	21.782
6	12	21.7968	21.782
6	13	21.717	21.782
6	14	21.7882	21.782
6	15	21.7442	21.782
6	16	21.8291	21.782
6	17	21.8116	21.782
6	18	21.6895	21.782
6	19	21.6962	21.782
6	20	21.8346	21.782
6	21	21.7287	21.782
6	22	21.7457	21.782
6	23	21.7615	21.782
6	24	21.7054	21.782
6	25	21.7624	21.782
6	26	21.744	21.782
6	27	21.6951	21.782
6	28	21.7485	21.782
6	29	21.8157	21.782
6	30	21.6797	21.782
6	31	21.7454	21.782
6	32	21.6826	21.782
6	33	21.6071	21.782
6	34	21.6971	21.782
6	35	21.7787	21.782
6	36	21.6862	21.782
6	37	8.17155	21.782
6	38	21.6931	21.782
6	39	21.6646	21.782
6	40	21.6784	21.782
6	41	21.6869	21.782
6	42	21.8024	21.782
6	43	21.8422	21.782
6	44	21.7075	21.782
6	45	21.8144	21.782
6	46	21.6569	21.782
6	47	21.782	21.782
7	0	-11.9	-11.9
7	1	21.7429	21.782
7	2	21.7242	21.782
7	3	21.7452	21.782
7	4	21.7229	21.782
7	5	21.7019	21.782
7	6	21.7253	21.782
7	7	21.7115	21.782
7	8	21.7181	21.782
7	9	21.7195	21.782
7	10	21.7079	21.782
7	11	21.7009	21.782
7	12	21.7107	21.782
7	13	21.6988	21.782
7	14	21.7124	21.782
7	15	21.7147	21.782
7	16	21.7136	21.782
7	17	21.7196	21.782
7	18	21.722	21.782
7	19	21.7214	21.782
7	20	21.6744	21.782
7	21	21.6683	21.782
7	22	21.671	21.782
7	23	21.7414	21.782
7	24	21.6755	21.782
7	25	21.7076	21.782
7	26	21.7359	21.782
7	27	21.6775	21.782
7	28	21.6858	21.782
7	29	21.6886	21.782
7	30	21.6706	21.782
7	31	21.7097	21.782
7	32	21.6592	21.782
7	33	21.6617	21.782
7	34	21.6672	21.782
7	35	21.6418	21.782
7	36	21.7015	21.782
7	37	21.6571	21.782
7	38	21.6988	21.782
7	39	21.6903	21.782
7	40	21.643	21.782
7	41	21.7579	21.782
7	42	21.6212	21.782
7	43	21.7715	21.782
7	44	21.673	21.782
7	45	21.7282	21.782
7	46	21.6558	21.782
7	47	21.782	21.782
8	0	-11.9	-11.9
8	1	3.99338	21.782
8	2	21.782	21.782
8	3	21.782	21.782
8	4	21.782	21.782
8	5	21.782	21.782
8	6	21.782	21.782
8	7	21.782	21.782
8	8	21.782	21.782
8	9	21.782	21.782
8	10	21.782	21.782
8	11	21.782	21.782
8	12	21.782	21.782
8	13	21.782	21.782
8	14	21.782	21.782
8	15	21.782	21.782
8	16	21.782	21.782
8	17	21.782	21.782
8	18	21.782	21.782
8	19	21.782	21.782
8	20	21.782	21.782
8	21	21.782	21.782
8	22	21.782	21.782
8	23	21.782	21.782
8	24	21.782	21.782
8	25	21.782	21.782
8	26	21.782	21.782
8	27	21.782	21.782
8	28	21.782	21.782
8	29	21.782	21.782
8	30	21.782	21.782
8	31	21.782	21.782
8	32	21.782	21.782
8	33	21.782	21.782
8	34	21.782	21.782
8	35	21.782	21.782
8	36	21.782	21.782
8	37	21.782	21.782
8	38	1.46174	21.782
8	39	21.782	21.782
8	40	21.782	21.782
8	41	21.782	21.782
8	42	21.782	21.782
8	43	21.782	21.782
8	44	21.782	21.782
8	45	21.782	21.782
8	46	21.782	21.782
8	47	21.782	21.782
9	0	-11.9	-11.9
9	1	21.782	21.782
9	2	21.782	21.782
9	3	21.782	21.782
9	4	21.782	21.782
9	5	21.782	21.782
9	6	21.782	21.782
9	7	21.782	21.782
9	8	21.782	21.782
9	9	21.782	21.782
9	10	21.782	21.782
9	11	21.782	21.782
9	12	21.782	21.782
9	13	21.782	21.782
9	14	21.782	21.782
9	15	21.782	21.782
9	16	21.782	21.782
9	17	21.782	21.782
9	18	21.782	21.782
9	19	21.782	21.782
9	20	21.782	21.782
9	21	21.782	21.782
9	22	21.782	21.782
9	23	21.782	21.782
9	24	21.782	21.782
9	25	21.782	21.782
9	26	21.782	21.782
9	27	21.782	21.782
9	28	21.782	21.782
9	29	21.782	21.782
9	30	21.782	21.782
9	31	21.782	21.782
9	32	21.782	21.782
9	33	21.782	21.782
9	34	21.782	21.782
9	35	21.782	21.782
9	36	21.782	21.782
9	37	21.782	21.782
9	38	21.782	21.782
9	39	21.782	21.782
9	40	21.782	21.782
9	41	21.782	21.782
9	42	21.782	21.782
9	43	21.782	21.782
9	44	21.782	21.782
9	45	21.782	21.782
9	46	21.782	21.782
9	47	21.782	21.782
