7
0 1. 5.100000 0. 0.  1. 0.  0 0 0 0 0 0 0 0 0 0 0 0 -0.260000 0.000040 
0 0. 0. 1. 5.100000  0. 1.  0 0 0 0 0 0 0 0 0 0 0 0 -4.020000 0.000040 
3 1. 84.500000 0. 0. 0 0 0 0 0 0  1. 0.  0 0 0 0 0 0 3.340000 0.000080 
3 0. 0. 1. 84.500000 0 0 0 0 0 0  0. 1.  0 0 0 0 0 0 0.149318 0.000309 
4 1. 106.400002 0. 0. 0 0 0 0 0 0 0 0  1. 0.  0 0 0 0 3.380000 0.000080 
4 0. 0. 1. 106.400002 0 0 0 0 0 0 0 0  0. 1.  0 0 0 0 0.560002 0.000309 
0 1. 5.100000 0. 0.  1. 0.  0 0 0 0 0 0 0 0 0 0 0 0 -0.260000 0.000040 
0 0. 0. 1. 5.100000  0. 1.  0 0 0 0 0 0 0 0 0 0 0 0 -4.020000 0.000040 
4 1. 106.400002 0. 0. 0 0 0 0 0 0 0 0  1. 0.  0 0 0 0 4.020000 0.000080 
4 0. 0. 1. 106.400002 0 0 0 0 0 0 0 0  0. 1.  0 0 0 0 -4.301280 0.000309 
6 1. 149.199997 0. 0. 0 0 0 0 0 0 0 0 0 0 0 0  1. 0.  -35.959999 0.000080 
6 0. 0. 1. 149.199997 0 0 0 0 0 0 0 0 0 0 0 0  0. 1.  20.547642 0.000309 
0 1. 5.100000 0. 0.  1. 0.  0 0 0 0 0 0 0 0 0 0 0 0 -0.260000 0.000040 
0 0. 0. 1. 5.100000  0. 1.  0 0 0 0 0 0 0 0 0 0 0 0 -3.500000 0.000040 
4 1. 106.400002 0. 0. 0 0 0 0 0 0 0 0  1. 0.  0 0 0 0 19.438316 0.038230 
4 0. 0. 1. 106.400002 0 0 0 0 0 0 0 0  0. 1.  0 0 0 0 6.776150 0.000309 
5 1. 126.500000 0. 0. 0 0 0 0 0 0 0 0 0 0  1. 0.  0 0 20.379999 0.000080 
5 0. 0. 1. 126.500000 0 0 0 0 0 0 0 0 0 0  0. 1.  0 0 8.106135 0.000309 
0 1. 5.100000 0. 0.  1. 0.  0 0 0 0 0 0 0 0 0 0 0 0 -0.260000 0.000040 
0 0. 0. 1. 5.100000  0. 1.  0 0 0 0 0 0 0 0 0 0 0 0 -3.940000 0.000040 
1 1. 42.500000 0. 0. 0 0  1. 0.  0 0 0 0 0 0 0 0 0 0 2.380000 0.000080 
1 0. 0. 1. 42.500000 0 0  0. 1.  0 0 0 0 0 0 0 0 0 0 -0.342489 0.000309 
6 1. 149.199997 0. 0. 0 0 0 0 0 0 0 0 0 0 0 0  1. 0.  -0.440000 0.000080 
6 0. 0. 1. 149.199997 0 0 0 0 0 0 0 0 0 0 0 0  0. 1.  2.350816 0.000309 
0 1. 5.100000 0. 0.  1. 0.  0 0 0 0 0 0 0 0 0 0 0 0 -1.060000 0.000040 
0 0. 0. 1. 5.100000  0. 1.  0 0 0 0 0 0 0 0 0 0 0 0 0.780000 0.000040 
1 1. 42.500000 0. 0. 0 0  1. 0.  0 0 0 0 0 0 0 0 0 0 20.459999 0.000080 
1 0. 0. 1. 42.500000 0 0  0. 1.  0 0 0 0 0 0 0 0 0 0 -2.413670 0.000309 
4 1. 106.400002 0. 0. 0 0 0 0 0 0 0 0  1. 0.  0 0 0 0 9.620000 0.000080 
4 0. 0. 1. 106.400002 0 0 0 0 0 0 0 0  0. 1.  0 0 0 0 -1.400352 0.000309 
5 1. 126.500000 0. 0. 0 0 0 0 0 0 0 0 0 0  1. 0.  0 0 10.975733 0.043496 
5 0. 0. 1. 126.500000 0 0 0 0 0 0 0 0 0 0  0. 1.  0 0 -1.645175 0.000309 
0 1. 5.100000 0. 0.  1. 0.  0 0 0 0 0 0 0 0 0 0 0 0 -0.260000 0.000040 
0 0. 0. 1. 5.100000  0. 1.  0 0 0 0 0 0 0 0 0 0 0 0 -4.020000 0.000040 
2 1. 64.400002 0. 0. 0 0 0 0  1. 0.  0 0 0 0 0 0 0 0 2.260000 0.000080 
2 0. 0. 1. 64.400002 0 0 0 0  0. 1.  0 0 0 0 0 0 0 0 1.030744 0.000309 
5 1. 126.500000 0. 0. 0 0 0 0 0 0 0 0 0 0  1. 0.  0 0 2.445146 0.035059 
5 0. 0. 1. 126.500000 0 0 0 0 0 0 0 0 0 0  0. 1.  0 0 3.721400 0.159040 
0 1. 5.100000 0. 0.  1. 0.  0 0 0 0 0 0 0 0 0 0 0 0 -0.260000 0.000040 
0 0. 0. 1. 5.100000  0. 1.  0 0 0 0 0 0 0 0 0 0 0 0 -4.020000 0.000040 
3 1. 84.500000 0. 0. 0 0 0 0 0 0  1. 0.  0 0 0 0 0 0 2.220000 0.000080 
3 0. 0. 1. 84.500000 0 0 0 0 0 0  0. 1.  0 0 0 0 0 0 -2.176002 0.000309 
6 1. 149.199997 0. 0. 0 0 0 0 0 0 0 0 0 0 0 0  1. 0.  -0.678442 0.084315 
6 0. 0. 1. 149.199997 0 0 0 0 0 0 0 0 0 0 0 0  0. 1.  -2.941234 0.000309 
